8.3000010000e+03 1.000000e+01
8.3000010000e+03 1.023293e+01
8.3000010000e+03 1.047129e+01
8.3000010000e+03 1.071519e+01
8.3000010000e+03 1.096478e+01
8.3000010000e+03 1.122018e+01
8.3000010000e+03 1.148154e+01
8.3000010000e+03 1.174898e+01
8.3000010000e+03 1.202264e+01
8.3000010000e+03 1.230269e+01
8.3000010000e+03 1.258925e+01
8.3000010000e+03 1.288250e+01
8.3000010000e+03 1.318257e+01
8.3000010000e+03 1.348963e+01
8.3000010000e+03 1.380384e+01
8.3000010000e+03 1.412538e+01
8.3000010000e+03 1.445440e+01
8.3000010000e+03 1.479108e+01
8.3000010000e+03 1.513561e+01
8.3000010000e+03 1.548817e+01
8.3000010000e+03 1.584893e+01
8.3000010000e+03 1.621810e+01
8.3000010000e+03 1.659587e+01
8.3000010000e+03 1.698244e+01
8.3000010000e+03 1.737801e+01
8.3000010000e+03 1.778279e+01
8.3000010000e+03 1.819701e+01
8.3000010000e+03 1.862087e+01
8.3000010000e+03 1.905461e+01
8.3000010000e+03 1.949845e+01
8.3000010000e+03 1.995262e+01
8.3000010000e+03 2.041738e+01
8.3000010000e+03 2.089296e+01
8.3000010000e+03 2.137962e+01
8.3000010000e+03 2.187762e+01
8.3000010000e+03 2.238721e+01
8.3000010000e+03 2.290868e+01
8.3000010000e+03 2.344229e+01
8.3000010000e+03 2.398833e+01
8.3000010000e+03 2.454709e+01
8.3000010000e+03 2.511886e+01
8.3000010000e+03 2.570396e+01
8.3000010000e+03 2.630268e+01
8.3000010000e+03 2.691535e+01
8.3000010000e+03 2.754229e+01
8.3000010000e+03 2.818383e+01
8.3000010000e+03 2.884032e+01
8.3000010000e+03 2.951209e+01
8.3000010000e+03 3.019952e+01
8.3000010000e+03 3.090295e+01
8.3000010000e+03 3.162278e+01
8.3000010000e+03 3.235937e+01
8.3000010000e+03 3.311311e+01
8.3000010000e+03 3.388442e+01
8.3000010000e+03 3.467369e+01
8.3000010000e+03 3.548134e+01
8.3000010000e+03 3.630781e+01
8.3000010000e+03 3.715352e+01
8.3000010000e+03 3.801894e+01
8.3000010000e+03 3.890451e+01
8.3000010000e+03 3.981072e+01
8.3000010000e+03 4.073803e+01
8.3000010000e+03 4.168694e+01
8.3000010000e+03 4.265795e+01
8.3000010000e+03 4.365158e+01
8.3000010000e+03 4.466836e+01
8.3000010000e+03 4.570882e+01
8.3000010000e+03 4.677351e+01
8.3000010000e+03 4.786301e+01
8.3000010000e+03 4.897788e+01
8.3000010000e+03 5.011872e+01
8.3000010000e+03 5.128614e+01
8.3000010000e+03 5.248075e+01
8.3000010000e+03 5.370318e+01
8.3000010000e+03 5.495409e+01
8.3000010000e+03 5.623413e+01
8.3000010000e+03 5.754399e+01
8.3000010000e+03 5.888437e+01
8.3000010000e+03 6.025596e+01
8.3000010000e+03 6.165950e+01
8.3000010000e+03 6.309573e+01
8.3000010000e+03 6.456542e+01
8.3000010000e+03 6.606934e+01
8.3000010000e+03 6.760830e+01
8.3000010000e+03 6.918310e+01
8.3000010000e+03 7.079458e+01
8.3000010000e+03 7.244360e+01
8.3000010000e+03 7.413102e+01
8.3000010000e+03 7.585776e+01
8.3000010000e+03 7.762471e+01
8.3000010000e+03 7.943282e+01
8.3000010000e+03 8.128305e+01
8.3000010000e+03 8.317638e+01
8.3000010000e+03 8.511380e+01
8.3000010000e+03 8.709636e+01
8.3000010000e+03 8.912509e+01
8.3000010000e+03 9.120108e+01
8.3000010000e+03 9.332543e+01
8.3000010000e+03 9.549926e+01
8.3000010000e+03 9.772372e+01
8.3000010000e+03 1.000000e+02
8.3000010000e+03 1.023293e+02
8.3000010000e+03 1.047129e+02
8.3000010000e+03 1.071519e+02
8.3000010000e+03 1.096478e+02
8.3000010000e+03 1.122018e+02
8.3000010000e+03 1.148154e+02
8.3000010000e+03 1.174898e+02
8.3000010000e+03 1.202264e+02
8.3000010000e+03 1.230269e+02
8.3000010000e+03 1.258925e+02
8.3000010000e+03 1.288250e+02
8.3000010000e+03 1.318257e+02
8.3000010000e+03 1.348963e+02
8.3000010000e+03 1.380384e+02
8.3000010000e+03 1.412538e+02
8.3000010000e+03 1.445440e+02
8.3000010000e+03 1.479108e+02
8.3000010000e+03 1.513561e+02
8.3000010000e+03 1.548817e+02
8.3000010000e+03 1.584893e+02
8.3000010000e+03 1.621810e+02
8.3000010000e+03 1.659587e+02
8.3000010000e+03 1.698244e+02
8.3000010000e+03 1.737801e+02
8.3000010000e+03 1.778279e+02
8.3000010000e+03 1.819701e+02
8.3000010000e+03 1.862087e+02
8.3000010000e+03 1.905461e+02
8.3000010000e+03 1.949845e+02
8.3000010000e+03 1.995262e+02
8.3000010000e+03 2.041738e+02
8.3000010000e+03 2.089296e+02
8.3000010000e+03 2.137962e+02
8.3000010000e+03 2.187762e+02
8.3000010000e+03 2.238721e+02
8.3000010000e+03 2.290868e+02
8.3000010000e+03 2.344229e+02
8.3000010000e+03 2.398833e+02
8.3000010000e+03 2.454709e+02
8.3000010000e+03 2.511886e+02
8.3000010000e+03 2.570396e+02
8.3000010000e+03 2.630268e+02
8.3000010000e+03 2.691535e+02
8.3000010000e+03 2.754229e+02
8.3000010000e+03 2.818383e+02
8.3000010000e+03 2.884032e+02
8.3000010000e+03 2.951209e+02
8.3000010000e+03 3.019952e+02
8.3000010000e+03 3.090295e+02
8.3000010000e+03 3.162278e+02
8.3000010000e+03 3.235937e+02
8.3000010000e+03 3.311311e+02
8.3000010000e+03 3.388442e+02
8.3000010000e+03 3.467369e+02
8.3000010000e+03 3.548134e+02
8.3000010000e+03 3.630781e+02
8.3000010000e+03 3.715352e+02
8.3000010000e+03 3.801894e+02
8.3000010000e+03 3.890451e+02
8.3000010000e+03 3.981072e+02
8.3000010000e+03 4.073803e+02
8.3000010000e+03 4.168694e+02
8.3000010000e+03 4.265795e+02
8.3000010000e+03 4.365158e+02
8.3000010000e+03 4.466836e+02
8.3000010000e+03 4.570882e+02
8.3000010000e+03 4.677351e+02
8.3000010000e+03 4.786301e+02
8.3000010000e+03 4.897788e+02
8.3000010000e+03 5.011872e+02
8.3000010000e+03 5.128614e+02
8.3000010000e+03 5.248075e+02
8.3000010000e+03 5.370318e+02
8.3000010000e+03 5.495409e+02
8.3000010000e+03 5.623413e+02
8.3000010000e+03 5.754399e+02
8.3000010000e+03 5.888437e+02
8.3000010000e+03 6.025596e+02
8.3000010000e+03 6.165950e+02
8.3000010000e+03 6.309573e+02
8.3000010000e+03 6.456542e+02
8.3000010000e+03 6.606934e+02
8.3000010000e+03 6.760830e+02
8.3000010000e+03 6.918310e+02
8.3000010000e+03 7.079458e+02
8.3000010000e+03 7.244360e+02
8.3000010000e+03 7.413102e+02
8.3000010000e+03 7.585776e+02
8.3000010000e+03 7.762471e+02
8.3000010000e+03 7.943282e+02
8.3000010000e+03 8.128305e+02
8.3000010000e+03 8.317638e+02
8.3000010000e+03 8.511380e+02
8.3000010000e+03 8.709636e+02
8.3000010000e+03 8.912509e+02
8.3000010000e+03 9.120108e+02
8.3000010000e+03 9.332543e+02
8.3000010000e+03 9.549926e+02
8.3000010000e+03 9.772372e+02
8.3000010000e+03 1.000000e+03
8.3000010000e+03 1.023293e+03
8.3000010000e+03 1.047129e+03
8.3000010000e+03 1.071519e+03
8.3000010000e+03 1.096478e+03
8.3000010000e+03 1.122018e+03
8.3000010000e+03 1.148154e+03
8.3000010000e+03 1.174898e+03
8.3000010000e+03 1.202264e+03
8.3000010000e+03 1.230269e+03
8.3000010000e+03 1.258925e+03
8.3000010000e+03 1.288250e+03
8.3000010000e+03 1.318257e+03
8.3000010000e+03 1.348963e+03
8.3000010000e+03 1.380384e+03
8.3000010000e+03 1.412538e+03
8.3000010000e+03 1.445440e+03
8.3000010000e+03 1.479108e+03
8.3000010000e+03 1.513561e+03
8.3000010000e+03 1.548817e+03
8.3000010000e+03 1.584893e+03
8.3000010000e+03 1.621810e+03
8.3000010000e+03 1.659587e+03
8.3000010000e+03 1.698244e+03
8.3000010000e+03 1.737801e+03
8.3000010000e+03 1.778279e+03
8.3000010000e+03 1.819701e+03
8.3000010000e+03 1.862087e+03
8.3000010000e+03 1.905461e+03
8.3000010000e+03 1.949845e+03
8.3000010000e+03 1.995262e+03
8.3000010000e+03 2.041738e+03
8.3000010000e+03 2.089296e+03
8.3000010000e+03 2.137962e+03
8.3000010000e+03 2.187762e+03
8.3000010000e+03 2.238721e+03
8.3000010000e+03 2.290868e+03
8.3000010000e+03 2.344229e+03
8.3000010000e+03 2.398833e+03
8.3000010000e+03 2.454709e+03
8.3000010000e+03 2.511886e+03
8.3000010000e+03 2.570396e+03
8.3000010000e+03 2.630268e+03
8.3000010000e+03 2.691535e+03
8.3000010000e+03 2.754229e+03
8.3000010000e+03 2.818383e+03
8.3000010000e+03 2.884032e+03
8.3000010000e+03 2.951209e+03
8.3000010000e+03 3.019952e+03
8.3000010000e+03 3.090295e+03
8.3000010000e+03 3.162278e+03
8.3000010000e+03 3.235937e+03
8.3000010000e+03 3.311311e+03
8.3000010000e+03 3.388442e+03
8.3000010000e+03 3.467369e+03
8.3000010000e+03 3.548134e+03
8.3000010000e+03 3.630781e+03
8.3000010000e+03 3.715352e+03
8.3000010000e+03 3.801894e+03
8.3000010000e+03 3.890451e+03
8.3000010000e+03 3.981072e+03
8.3000010000e+03 4.073803e+03
8.3000010000e+03 4.168694e+03
8.3000010000e+03 4.265795e+03
8.3000010000e+03 4.365158e+03
8.3000010000e+03 4.466836e+03
8.3000010000e+03 4.570882e+03
8.3000010000e+03 4.677351e+03
8.3000010000e+03 4.786301e+03
8.3000010000e+03 4.897788e+03
8.3000010000e+03 5.011872e+03
8.3000010000e+03 5.128614e+03
8.3000010000e+03 5.248075e+03
8.3000010000e+03 5.370318e+03
8.3000010000e+03 5.495409e+03
8.3000010000e+03 5.623413e+03
8.3000010000e+03 5.754399e+03
8.3000010000e+03 5.888437e+03
8.3000010000e+03 6.025596e+03
8.3000010000e+03 6.165950e+03
8.3000010000e+03 6.309573e+03
8.3000010000e+03 6.456542e+03
8.3000010000e+03 6.606934e+03
8.3000010000e+03 6.760830e+03
8.3000010000e+03 6.918310e+03
8.3000010000e+03 7.079458e+03
8.3000010000e+03 7.244360e+03
8.3000010000e+03 7.413102e+03
8.3000010000e+03 7.585776e+03
8.3000010000e+03 7.762471e+03
8.3000010000e+03 7.943282e+03
8.3000010000e+03 8.128305e+03
8.3000010000e+03 8.317638e+03
8.3000010000e+03 8.511380e+03
8.3000010000e+03 8.709636e+03
8.3000010000e+03 8.912509e+03
8.3000010000e+03 9.120108e+03
8.3000010000e+03 9.332543e+03
8.3000010000e+03 9.549926e+03
8.3000010000e+03 9.772372e+03
8.3000010000e+03 1.000000e+04
8.3000010000e+03 1.023293e+04
8.3000010000e+03 1.047129e+04
8.3000010000e+03 1.071519e+04
8.3000010000e+03 1.096478e+04
8.3000010000e+03 1.122018e+04
8.3000010000e+03 1.148154e+04
8.3000010000e+03 1.174898e+04
8.3000010000e+03 1.202264e+04
8.3000010000e+03 1.230269e+04
8.3000010000e+03 1.258925e+04
8.3000010000e+03 1.288250e+04
8.3000010000e+03 1.318257e+04
8.3000010000e+03 1.348963e+04
8.3000010000e+03 1.380384e+04
8.3000010000e+03 1.412538e+04
8.3000010000e+03 1.445440e+04
8.3000010000e+03 1.479108e+04
8.3000010000e+03 1.513561e+04
8.3000010000e+03 1.548817e+04
8.3000010000e+03 1.584893e+04
8.3000010000e+03 1.621810e+04
8.3000010000e+03 1.659587e+04
8.3000010000e+03 1.698244e+04
8.3000010000e+03 1.737801e+04
8.3000010000e+03 1.778279e+04
8.3000010000e+03 1.819701e+04
8.3000010000e+03 1.862087e+04
8.3000010179e+03 1.905461e+04
8.3000010511e+03 1.949845e+04
8.3000010844e+03 1.995262e+04
8.3000011176e+03 2.041738e+04
8.3000011508e+03 2.089296e+04
8.3000011840e+03 2.137962e+04
8.3000012172e+03 2.187762e+04
8.3000012505e+03 2.238721e+04
8.3000012837e+03 2.290868e+04
8.3000013169e+03 2.344229e+04
8.3000013501e+03 2.398833e+04
8.3000013833e+03 2.454709e+04
8.3000014166e+03 2.511886e+04
8.3000014498e+03 2.570396e+04
8.3000014830e+03 2.630268e+04
8.3000015162e+03 2.691535e+04
8.3000015494e+03 2.754229e+04
8.3000015827e+03 2.818383e+04
8.3000016159e+03 2.884032e+04
8.3000016491e+03 2.951209e+04
8.3000016823e+03 3.019952e+04
8.3000017155e+03 3.090295e+04
8.3000017488e+03 3.162278e+04
8.3000017820e+03 3.235937e+04
8.3000018152e+03 3.311311e+04
8.3000018484e+03 3.388442e+04
8.3000018816e+03 3.467369e+04
8.3000019148e+03 3.548134e+04
8.3000019481e+03 3.630781e+04
8.3000019813e+03 3.715352e+04
8.3000020248e+03 3.801894e+04
8.3000020816e+03 3.890451e+04
8.3000021384e+03 3.981072e+04
8.3000021952e+03 4.073803e+04
8.3000022520e+03 4.168694e+04
8.3000023087e+03 4.265795e+04
8.3000023655e+03 4.365158e+04
8.3000024223e+03 4.466836e+04
8.3000024791e+03 4.570882e+04
8.3000025359e+03 4.677351e+04
8.3000025927e+03 4.786301e+04
8.3000026495e+03 4.897788e+04
8.3000027063e+03 5.011872e+04
8.3000027631e+03 5.128614e+04
8.3000028198e+03 5.248075e+04
8.3000028766e+03 5.370318e+04
8.3000029334e+03 5.495409e+04
8.3000029902e+03 5.623413e+04
8.3000030662e+03 5.754399e+04
8.3000031463e+03 5.888437e+04
8.3000032263e+03 6.025596e+04
8.3000033064e+03 6.165950e+04
8.3000033864e+03 6.309573e+04
8.3000034664e+03 6.456542e+04
8.3000035465e+03 6.606934e+04
8.3000036265e+03 6.760830e+04
8.3000037065e+03 6.918310e+04
8.3000037866e+03 7.079458e+04
8.3000038666e+03 7.244360e+04
8.3000039467e+03 7.413102e+04
8.3000040344e+03 7.585776e+04
8.3000041376e+03 7.762471e+04
8.3000042408e+03 7.943282e+04
8.3000043440e+03 8.128305e+04
8.3000044472e+03 8.317638e+04
8.3000045504e+03 8.511380e+04
8.3000046536e+03 8.709636e+04
8.3000047567e+03 8.912509e+04
8.3000048599e+03 9.120108e+04
8.3000049631e+03 9.332543e+04
8.3000050812e+03 9.549926e+04
8.3000052075e+03 9.772372e+04
8.3000053337e+03 1.000000e+05
8.3000054600e+03 1.023293e+05
8.3000055863e+03 1.047129e+05
8.3000057126e+03 1.071519e+05
8.3000058389e+03 1.096478e+05
8.3000059652e+03 1.122018e+05
8.3000061082e+03 1.148154e+05
8.3000062576e+03 1.174898e+05
8.3000064070e+03 1.202264e+05
8.3000065563e+03 1.230269e+05
8.3000067057e+03 1.258925e+05
8.3000068551e+03 1.288250e+05
8.3000070051e+03 1.318257e+05
8.3000071776e+03 1.348963e+05
8.3000073500e+03 1.380384e+05
8.3000075225e+03 1.412538e+05
8.3000076949e+03 1.445440e+05
8.3000078673e+03 1.479108e+05
8.3000080451e+03 1.513561e+05
8.3000082406e+03 1.548817e+05
8.3000084361e+03 1.584893e+05
8.3000086316e+03 1.621810e+05
8.3000088271e+03 1.659587e+05
8.3000090252e+03 1.698244e+05
8.3000092437e+03 1.737801e+05
8.3000094623e+03 1.778279e+05
8.3000096808e+03 1.819701e+05
8.3000098994e+03 1.862087e+05
8.3000101304e+03 1.905461e+05
8.3000103719e+03 1.949845e+05
8.3000106135e+03 1.995262e+05
8.3000108551e+03 2.041738e+05
8.3000111059e+03 2.089296e+05
8.3000113706e+03 2.137962e+05
8.3000116352e+03 2.187762e+05
8.3000118998e+03 2.238721e+05
8.3000121788e+03 2.290868e+05
8.3000124664e+03 2.344229e+05
8.3000127541e+03 2.398833e+05
8.3000130451e+03 2.454709e+05
8.3000133558e+03 2.511886e+05
8.3000136665e+03 2.570396e+05
8.3000139772e+03 2.630268e+05
8.3000143093e+03 2.691535e+05
8.3000146430e+03 2.754229e+05
8.3000149768e+03 2.818383e+05
8.3000153319e+03 2.884032e+05
8.3000156887e+03 2.951209e+05
8.3000160484e+03 3.019952e+05
8.3000164282e+03 3.090295e+05
8.3000168080e+03 3.162278e+05
8.3000171992e+03 3.235937e+05
8.3000176021e+03 3.311311e+05
8.3000180052e+03 3.388442e+05
8.3000184311e+03 3.467369e+05
8.3000188569e+03 3.548134e+05
8.3000192981e+03 3.630781e+05
8.3000197470e+03 3.715352e+05
8.3000202060e+03 3.801894e+05
8.3000206779e+03 3.890451e+05
8.3000211571e+03 3.981072e+05
8.3000216521e+03 4.073803e+05
8.3000221539e+03 4.168694e+05
8.3000226719e+03 4.265795e+05
8.3000231983e+03 4.365158e+05
8.3000237394e+03 4.466836e+05
8.3000242923e+03 4.570882e+05
8.3000248564e+03 4.677351e+05
8.3000254376e+03 4.786301e+05
8.3000260256e+03 4.897788e+05
8.3000266357e+03 5.011872e+05
8.3000272551e+03 5.128614e+05
8.3000278883e+03 5.248075e+05
8.3000285404e+03 5.370318e+05
8.3000292034e+03 5.495409e+05
8.3000298826e+03 5.623413e+05
8.3000305809e+03 5.754399e+05
8.3000312924e+03 5.888437e+05
8.3000320182e+03 6.025596e+05
8.3000327664e+03 6.165950e+05
8.3000335306e+03 6.309573e+05
8.3000343109e+03 6.456542e+05
8.3000351082e+03 6.606934e+05
8.3000359256e+03 6.760830e+05
8.3000367639e+03 6.918310e+05
8.3000376208e+03 7.079458e+05
8.3000384971e+03 7.244360e+05
8.3000393935e+03 7.413102e+05
8.3000403107e+03 7.585776e+05
8.3000412492e+03 7.762471e+05
8.3000422096e+03 7.943282e+05
8.3000431926e+03 8.128305e+05
8.3000441986e+03 8.317638e+05
8.3000452282e+03 8.511380e+05
8.3000462819e+03 8.709636e+05
8.3000473601e+03 8.912509e+05
8.3000484634e+03 9.120108e+05
8.3000495920e+03 9.332543e+05
8.3000507465e+03 9.549926e+05
8.3000519273e+03 9.772372e+05
8.3000531372e+03 1.000000e+06
8.3000543760e+03 1.023293e+06
8.3000556424e+03 1.047129e+06
8.3000569369e+03 1.071519e+06
8.3000582642e+03 1.096478e+06
8.3000596216e+03 1.122018e+06
8.3000610084e+03 1.148154e+06
8.3000624313e+03 1.174898e+06
8.3000638843e+03 1.202264e+06
8.3000653733e+03 1.230269e+06
8.3000668949e+03 1.258925e+06
8.3000684541e+03 1.288250e+06
8.3000700470e+03 1.318257e+06
8.3000716798e+03 1.348963e+06
8.3000733494e+03 1.380384e+06
8.3000750566e+03 1.412538e+06
8.3000768056e+03 1.445440e+06
8.3000785950e+03 1.479108e+06
8.3000804256e+03 1.513561e+06
8.3000822987e+03 1.548817e+06
8.3000842153e+03 1.584893e+06
8.3000861767e+03 1.621810e+06
8.3000881839e+03 1.659587e+06
8.3000902381e+03 1.698244e+06
8.3000923401e+03 1.737801e+06
8.3000944910e+03 1.778279e+06
8.3000966917e+03 1.819701e+06
8.3000989430e+03 1.862087e+06
8.3001012483e+03 1.905461e+06
8.3001036068e+03 1.949845e+06
8.3001060189e+03 1.995262e+06
8.3001084894e+03 2.041738e+06
8.3001110152e+03 2.089296e+06
8.3001136020e+03 2.137962e+06
8.3001162478e+03 2.187762e+06
8.3001189548e+03 2.238721e+06
8.3001217261e+03 2.290868e+06
8.3001245615e+03 2.344229e+06
8.3001274628e+03 2.398833e+06
8.3001304316e+03 2.454709e+06
8.3001334696e+03 2.511886e+06
8.3001365783e+03 2.570396e+06
8.3001397592e+03 2.630268e+06
8.3001430139e+03 2.691535e+06
8.3001463457e+03 2.754229e+06
8.3001497542e+03 2.818383e+06
8.3001532422e+03 2.884032e+06
8.3001568114e+03 2.951209e+06
8.3001604641e+03 3.019952e+06
8.3001642013e+03 3.090295e+06
8.3001680254e+03 3.162278e+06
8.3001719391e+03 3.235937e+06
8.3001759438e+03 3.311311e+06
8.3001800418e+03 3.388442e+06
8.3001842357e+03 3.467369e+06
8.3001885270e+03 3.548134e+06
8.3001929176e+03 3.630781e+06
8.3001974114e+03 3.715352e+06
8.3002020088e+03 3.801894e+06
8.3002067144e+03 3.890451e+06
8.3002115291e+03 3.981072e+06
8.3002164559e+03 4.073803e+06
8.3002214975e+03 4.168694e+06
8.3002266564e+03 4.265795e+06
8.3002319351e+03 4.365158e+06
8.3002373375e+03 4.466836e+06
8.3002428652e+03 4.570882e+06
8.3002485220e+03 4.677351e+06
8.3002543103e+03 4.786301e+06
8.3002602334e+03 4.897788e+06
8.3002662946e+03 5.011872e+06
8.3002724969e+03 5.128614e+06
8.3002788434e+03 5.248075e+06
8.3002853381e+03 5.370318e+06
8.3002919835e+03 5.495409e+06
8.3002987843e+03 5.623413e+06
8.3003057432e+03 5.754399e+06
8.3003128641e+03 5.888437e+06
8.3003201509e+03 6.025596e+06
8.3003276076e+03 6.165950e+06
8.3003352377e+03 6.309573e+06
8.3003430454e+03 6.456542e+06
8.3003510350e+03 6.606934e+06
8.3003592110e+03 6.760830e+06
8.3003675772e+03 6.918310e+06
8.3003761380e+03 7.079458e+06
8.3003848983e+03 7.244360e+06
8.3003938627e+03 7.413102e+06
8.3004030357e+03 7.585776e+06
8.3004124227e+03 7.762471e+06
8.3004220277e+03 7.943282e+06
8.3004318568e+03 8.128305e+06
8.3004419147e+03 8.317638e+06
8.3004522069e+03 8.511380e+06
8.3004627386e+03 8.709636e+06
8.3004735157e+03 8.912509e+06
8.3004845436e+03 9.120108e+06
8.3004958283e+03 9.332543e+06
8.3005073759e+03 9.549926e+06
8.3005191922e+03 9.772372e+06
8.3005312838e+03 1.000000e+07
8.3005436570e+03 1.023293e+07
8.3005563182e+03 1.047129e+07
8.3005692743e+03 1.071519e+07
8.3005825320e+03 1.096478e+07
8.3005960983e+03 1.122018e+07
8.3006099806e+03 1.148154e+07
8.3006241862e+03 1.174898e+07
8.3006387226e+03 1.202264e+07
8.3006535974e+03 1.230269e+07
8.3006688185e+03 1.258925e+07
8.3006843940e+03 1.288250e+07
8.3007003322e+03 1.318257e+07
8.3007166414e+03 1.348963e+07
8.3007333304e+03 1.380384e+07
8.3007504080e+03 1.412538e+07
8.3007678830e+03 1.445440e+07
8.3007857650e+03 1.479108e+07
8.3008040633e+03 1.513561e+07
8.3008227877e+03 1.548817e+07
8.3008419478e+03 1.584893e+07
8.3008615543e+03 1.621810e+07
8.3008816170e+03 1.659587e+07
8.3009021468e+03 1.698244e+07
8.3009231545e+03 1.737801e+07
8.3009446514e+03 1.778279e+07
8.3009666487e+03 1.819701e+07
8.3009891579e+03 1.862087e+07
8.3010121913e+03 1.905461e+07
8.3010357608e+03 1.949845e+07
8.3010598789e+03 1.995262e+07
8.3010845585e+03 2.041738e+07
8.3011098125e+03 2.089296e+07
8.3011356544e+03 2.137962e+07
8.3011620977e+03 2.187762e+07
8.3011891566e+03 2.238721e+07
8.3012168453e+03 2.290868e+07
8.3012451785e+03 2.344229e+07
8.3012741711e+03 2.398833e+07
8.3013038385e+03 2.454709e+07
8.3013341964e+03 2.511886e+07
8.3013652609e+03 2.570396e+07
8.3013970483e+03 2.630268e+07
8.3014295756e+03 2.691535e+07
8.3014628597e+03 2.754229e+07
8.3014969185e+03 2.818383e+07
8.3015317699e+03 2.884032e+07
8.3015674323e+03 2.951209e+07
8.3016039245e+03 3.019952e+07
8.3016412660e+03 3.090295e+07
8.3016794764e+03 3.162278e+07
8.3017185759e+03 3.235937e+07
8.3017585851e+03 3.311311e+07
8.3017995253e+03 3.388442e+07
8.3018414180e+03 3.467369e+07
8.3018842854e+03 3.548134e+07
8.3019281502e+03 3.630781e+07
8.3019730354e+03 3.715352e+07
8.3020189649e+03 3.801894e+07
8.3020659630e+03 3.890451e+07
8.3021140543e+03 3.981072e+07
8.3021632645e+03 4.073803e+07
8.3022136193e+03 4.168694e+07
8.3022651454e+03 4.265795e+07
8.3023178700e+03 4.365158e+07
8.3023718210e+03 4.466836e+07
8.3024270268e+03 4.570882e+07
8.3024835166e+03 4.677351e+07
8.3025413202e+03 4.786301e+07
8.3026004681e+03 4.897788e+07
8.3026609915e+03 5.011872e+07
8.3027229224e+03 5.128614e+07
8.3027862934e+03 5.248075e+07
8.3028511379e+03 5.370318e+07
8.3029174903e+03 5.495409e+07
8.3029853853e+03 5.623413e+07
8.3030548590e+03 5.754399e+07
8.3031259478e+03 5.888437e+07
8.3031986893e+03 6.025596e+07
8.3032731218e+03 6.165950e+07
8.3033492846e+03 6.309573e+07
8.3034272178e+03 6.456542e+07
8.3035069624e+03 6.606934e+07
8.3035885605e+03 6.760830e+07
8.3036720550e+03 6.918310e+07
8.3037574900e+03 7.079458e+07
8.3038449104e+03 7.244360e+07
8.3039343622e+03 7.413102e+07
8.3040258926e+03 7.585776e+07
8.3041195497e+03 7.762471e+07
8.3042153828e+03 7.943282e+07
8.3043134423e+03 8.128305e+07
8.3044137798e+03 8.317638e+07
8.3045164482e+03 8.511380e+07
8.3046215013e+03 8.709636e+07
8.3047289944e+03 8.912509e+07
8.3048389841e+03 9.120108e+07
8.3049515281e+03 9.332543e+07
8.3050666856e+03 9.549926e+07
8.3051845171e+03 9.772372e+07
8.3053050844e+03 1.000000e+08
8.3054284510e+03 1.023293e+08
8.3055546815e+03 1.047129e+08
8.3056838421e+03 1.071519e+08
8.3058160008e+03 1.096478e+08
8.3059512268e+03 1.122018e+08
8.3060895911e+03 1.148154e+08
8.3062311662e+03 1.174898e+08
8.3063760263e+03 1.202264e+08
8.3065242475e+03 1.230269e+08
8.3066759072e+03 1.258925e+08
8.3068310850e+03 1.288250e+08
8.3069898622e+03 1.318257e+08
8.3071523218e+03 1.348963e+08
8.3073185489e+03 1.380384e+08
8.3074886305e+03 1.412538e+08
8.3076626555e+03 1.445440e+08
8.3078407150e+03 1.479108e+08
8.3080229019e+03 1.513561e+08
8.3082093116e+03 1.548817e+08
8.3084000414e+03 1.584893e+08
8.3085951909e+03 1.621810e+08
8.3087948620e+03 1.659587e+08
8.3089991588e+03 1.698244e+08
8.3092081880e+03 1.737801e+08
8.3094220585e+03 1.778279e+08
8.3096408818e+03 1.819701e+08
8.3098647720e+03 1.862087e+08
8.3101021407e+03 1.905461e+08
8.3103529282e+03 1.949845e+08
8.3106037157e+03 1.995262e+08
8.3108545032e+03 2.041738e+08
8.3111052908e+03 2.089296e+08
8.3113560783e+03 2.137962e+08
8.3116068658e+03 2.187762e+08
8.3118576533e+03 2.238721e+08
8.3121426683e+03 2.290868e+08
8.3124373018e+03 2.344229e+08
8.3127319352e+03 2.398833e+08
8.3130265687e+03 2.454709e+08
8.3133212021e+03 2.511886e+08
8.3136158355e+03 2.570396e+08
8.3139229050e+03 2.630268e+08
8.3142613188e+03 2.691535e+08
8.3145997327e+03 2.754229e+08
8.3149381466e+03 2.818383e+08
8.3152765604e+03 2.884032e+08
8.3156149743e+03 2.951209e+08
8.3159807868e+03 3.019952e+08
8.3163629243e+03 3.090295e+08
8.3167450618e+03 3.162278e+08
8.3171271993e+03 3.235937e+08
8.3175093368e+03 3.311311e+08
8.3179183488e+03 3.388442e+08
8.3183441583e+03 3.467369e+08
8.3187699677e+03 3.548134e+08
8.3191957772e+03 3.630781e+08
8.3196266924e+03 3.715352e+08
8.3200961254e+03 3.801894e+08
8.3205655584e+03 3.890451e+08
8.3210349914e+03 3.981072e+08
8.3215059842e+03 4.073803e+08
8.3220189945e+03 4.168694e+08
8.3225320048e+03 4.265795e+08
8.3230450151e+03 4.365158e+08
8.3235711010e+03 4.466836e+08
8.3241276440e+03 4.570882e+08
8.3246841869e+03 4.677351e+08
8.3252407298e+03 4.786301e+08
8.3258345134e+03 4.897788e+08
8.3264345452e+03 5.011872e+08
8.3270345771e+03 5.128614e+08
8.3276633342e+03 5.248075e+08
8.3283068123e+03 5.370318e+08
8.3289502904e+03 5.495409e+08
8.3296233289e+03 5.623413e+08
8.3303102111e+03 5.754399e+08
8.3309970932e+03 5.888437e+08
8.3317225076e+03 6.025596e+08
8.3324527523e+03 6.165950e+08
8.3331943201e+03 6.309573e+08
8.3339678859e+03 6.456542e+08
8.3347414518e+03 6.606934e+08
8.3355488070e+03 6.760830e+08
8.3363656533e+03 6.918310e+08
8.3372011329e+03 7.079458e+08
8.3380612191e+03 7.244360e+08
8.3389298922e+03 7.413102e+08
8.3398331780e+03 7.585776e+08
8.3407396093e+03 7.762471e+08
8.3416860546e+03 7.943282e+08
8.3426343741e+03 8.128305e+08
8.3436239391e+03 8.317638e+08
8.3446178997e+03 8.511380e+08
8.3456505448e+03 8.709636e+08
8.3466935698e+03 8.912509e+08
8.3477692555e+03 9.120108e+08
8.3488644785e+03 9.332543e+08
8.3499831655e+03 9.549926e+08
8.3511334644e+03 9.772372e+08
8.3522985667e+03 1.000000e+09
8.3535031389e+03 1.023293e+09
8.3547284548e+03 1.047129e+09
8.3559759112e+03 1.071519e+09
8.3572637072e+03 1.096478e+09
8.3585732797e+03 1.122018e+09
8.3599066620e+03 1.148154e+09
8.3612825392e+03 1.174898e+09
8.3626843608e+03 1.202264e+09
8.3641136316e+03 1.230269e+09
8.3655749306e+03 1.258925e+09
8.3670759718e+03 1.288250e+09
8.3686076582e+03 1.318257e+09
8.3701714640e+03 1.348963e+09
8.3717687779e+03 1.380384e+09
8.3734009107e+03 1.412538e+09
8.3750750983e+03 1.445440e+09
8.3767857528e+03 1.479108e+09
8.3785335987e+03 1.513561e+09
8.3803197456e+03 1.548817e+09
8.3821452460e+03 1.584893e+09
8.3840110989e+03 1.621810e+09
8.3859182535e+03 1.659587e+09
8.3878676125e+03 1.698244e+09
8.3898600354e+03 1.737801e+09
8.3918963411e+03 1.778279e+09
8.3939773104e+03 1.819701e+09
8.3961036884e+03 1.862087e+09
8.3982761869e+03 1.905461e+09
8.4004969219e+03 1.949845e+09
8.4027697966e+03 1.995262e+09
8.4050913766e+03 2.041738e+09
8.4074622329e+03 2.089296e+09
8.4098829126e+03 2.137962e+09
8.4123593562e+03 2.187762e+09
8.4148908384e+03 2.238721e+09
8.4174741559e+03 2.290868e+09
8.4201148818e+03 2.344229e+09
8.4228147229e+03 2.398833e+09
8.4255681188e+03 2.454709e+09
8.4283877523e+03 2.511886e+09
8.4312625964e+03 2.570396e+09
8.4342041319e+03 2.630268e+09
8.4372037052e+03 2.691535e+09
8.4402736848e+03 2.754229e+09
8.4434051412e+03 2.818383e+09
8.4466053022e+03 2.884032e+09
8.4498748586e+03 2.951209e+09
8.4532119589e+03 3.019952e+09
8.4566197848e+03 3.090295e+09
8.4601032620e+03 3.162278e+09
8.4636595166e+03 3.235937e+09
8.4672904685e+03 3.311311e+09
8.4709979351e+03 3.388442e+09
8.4747836379e+03 3.467369e+09
8.4786492095e+03 3.548134e+09
8.4825961987e+03 3.630781e+09
8.4866260763e+03 3.715352e+09
8.4907402400e+03 3.801894e+09
8.4949400186e+03 3.890451e+09
8.4992266766e+03 3.981072e+09
8.5036017616e+03 4.073803e+09
8.5080706233e+03 4.168694e+09
8.5126303972e+03 4.265795e+09
8.5172821107e+03 4.365158e+09
8.5220335969e+03 4.466836e+09
8.5268794185e+03 4.570882e+09
8.5318268514e+03 4.677351e+09
8.5368725067e+03 4.786301e+09
8.5420243810e+03 4.897788e+09
8.5472789329e+03 5.011872e+09
8.5526389895e+03 5.128614e+09
8.5581099958e+03 5.248075e+09
8.5636904790e+03 5.370318e+09
8.5693827656e+03 5.495409e+09
8.5751890566e+03 5.623413e+09
8.5811114349e+03 5.754399e+09
8.5871518736e+03 5.888437e+09
8.5933122424e+03 6.025596e+09
8.5995943145e+03 6.165950e+09
8.6059998144e+03 6.309573e+09
8.6125336791e+03 6.456542e+09
8.6191946132e+03 6.606934e+09
8.6259848881e+03 6.760830e+09
8.6329094007e+03 6.918310e+09
8.6399666959e+03 7.079458e+09
8.6471620195e+03 7.244360e+09
8.6544958949e+03 7.413102e+09
8.6619700686e+03 7.585776e+09
8.6695875522e+03 7.762471e+09
8.6773515327e+03 7.943282e+09
8.6852629417e+03 8.128305e+09
8.6933241437e+03 8.317638e+09
8.7015373754e+03 8.511380e+09
8.7099058567e+03 8.709636e+09
8.7184315218e+03 8.912509e+09
8.7271157917e+03 9.120108e+09
8.7359612485e+03 9.332543e+09
8.7449718368e+03 9.549926e+09
8.7541475885e+03 9.772372e+09
8.7634928920e+03 1.000000e+10
8.7730093293e+03 1.023293e+10
8.7826988733e+03 1.047129e+10
8.7925643578e+03 1.071519e+10
8.8026084583e+03 1.096478e+10
8.8128337026e+03 1.122018e+10
8.8232424801e+03 1.148154e+10
8.8338370499e+03 1.174898e+10
8.8446195493e+03 1.202264e+10
8.8555930942e+03 1.230269e+10
8.8667604410e+03 1.258925e+10
8.8781231952e+03 1.288250e+10
8.8896845279e+03 1.318257e+10
8.9014473387e+03 1.348963e+10
8.9134133731e+03 1.380384e+10
8.9255854820e+03 1.412538e+10
8.9379663584e+03 1.445440e+10
8.9505585469e+03 1.479108e+10
8.9633644535e+03 1.513561e+10
8.9763863847e+03 1.548817e+10
8.9896285739e+03 1.584893e+10
9.0030913846e+03 1.621810e+10
9.0167793206e+03 1.659587e+10
9.0306934982e+03 1.698244e+10
9.0448370342e+03 1.737801e+10
9.0592133393e+03 1.778279e+10
9.0738241967e+03 1.819701e+10
9.0886722524e+03 1.862087e+10
9.1037609256e+03 1.905461e+10
9.1190921337e+03 1.949845e+10
9.1346680775e+03 1.995262e+10
9.1504927699e+03 2.041738e+10
9.1665673014e+03 2.089296e+10
9.1828957732e+03 2.137962e+10
9.1994800751e+03 2.187762e+10
9.2163228478e+03 2.238721e+10
9.2334268270e+03 2.290868e+10
9.2507946060e+03 2.344229e+10
9.2684288439e+03 2.398833e+10
9.2863329287e+03 2.454709e+10
9.3045081942e+03 2.511886e+10
9.3229586834e+03 2.570396e+10
9.3416859387e+03 2.630268e+10
9.3606929916e+03 2.691535e+10
9.3799827201e+03 2.754229e+10
9.3995578582e+03 2.818383e+10
9.4194210054e+03 2.884032e+10
9.4395746349e+03 2.951209e+10
9.4600211020e+03 3.019952e+10
9.4807640323e+03 3.090295e+10
9.5018049675e+03 3.162278e+10
9.5231476675e+03 3.235937e+10
9.5447942274e+03 3.311311e+10
9.5667473238e+03 3.388442e+10
9.5890096677e+03 3.467369e+10
9.6115838477e+03 3.548134e+10
9.6344731319e+03 3.630781e+10
9.6576795893e+03 3.715352e+10
9.6812061097e+03 3.801894e+10
9.7050551495e+03 3.890451e+10
9.7292301112e+03 3.981072e+10
9.7537330930e+03 4.073803e+10
9.7785668855e+03 4.168694e+10
9.8037341657e+03 4.265795e+10
9.8292380017e+03 4.365158e+10
9.8550809134e+03 4.466836e+10
9.8812653141e+03 4.570882e+10
9.9077945209e+03 4.677351e+10
9.9346709800e+03 4.786301e+10
9.9618973709e+03 4.897788e+10
9.9894765609e+03 5.011872e+10
1.0017411315e+04 5.128614e+10
1.0045704304e+04 5.248075e+10
1.0074358494e+04 5.370318e+10
1.0103376751e+04 5.495409e+10
1.0132761612e+04 5.623413e+10
1.0162515854e+04 5.754399e+10
1.0192642853e+04 5.888437e+10
1.0223144983e+04 6.025596e+10
1.0254025121e+04 6.165950e+10
1.0285286403e+04 6.309573e+10
1.0316931611e+04 6.456542e+10
1.0348963243e+04 6.606934e+10
1.0381385020e+04 6.760830e+10
1.0414199146e+04 6.918310e+10
1.0447408805e+04 7.079458e+10
1.0481017099e+04 7.244360e+10
1.0515027055e+04 7.413102e+10
1.0549441628e+04 7.585776e+10
1.0584263709e+04 7.762471e+10
1.0619496187e+04 7.943282e+10
1.0655142798e+04 8.128305e+10
1.0691205955e+04 8.317638e+10
1.0727688952e+04 8.511380e+10
1.0764595135e+04 8.709636e+10
1.0801927538e+04 8.912509e+10
1.0839689513e+04 9.120108e+10
1.0877884105e+04 9.332543e+10
1.0916514377e+04 9.549926e+10
1.0955583975e+04 9.772372e+10
1.0995095758e+04 1.000000e+11
1.1035053664e+04 1.023293e+11
1.1075460585e+04 1.047129e+11
1.1116319992e+04 1.071519e+11
1.1157635311e+04 1.096478e+11
1.1199409924e+04 1.122018e+11
1.1241647681e+04 1.148154e+11
1.1284351686e+04 1.174898e+11
1.1327525696e+04 1.202264e+11
1.1371173057e+04 1.230269e+11
1.1415297806e+04 1.258925e+11
1.1459903353e+04 1.288250e+11
1.1504993364e+04 1.318257e+11
1.1550571589e+04 1.348963e+11
1.1596642101e+04 1.380384e+11
1.1643208310e+04 1.412538e+11
1.1690274236e+04 1.445440e+11
1.1737843751e+04 1.479108e+11
1.1785920996e+04 1.513561e+11
1.1834509715e+04 1.548817e+11
1.1883614016e+04 1.584893e+11
1.1933237990e+04 1.621810e+11
1.1983385708e+04 1.659587e+11
1.2034061406e+04 1.698244e+11
1.2085269468e+04 1.737801e+11
1.2137013763e+04 1.778279e+11
1.2189299020e+04 1.819701e+11
1.2242129431e+04 1.862087e+11
1.2295509364e+04 1.905461e+11
1.2349443351e+04 1.949845e+11
1.2403935916e+04 1.995262e+11
1.2458991579e+04 2.041738e+11
1.2514615112e+04 2.089296e+11
1.2570811225e+04 2.137962e+11
1.2627584456e+04 2.187762e+11
1.2684939774e+04 2.238721e+11
1.2742882143e+04 2.290868e+11
1.2801416303e+04 2.344229e+11
1.2860547296e+04 2.398833e+11
1.2920280165e+04 2.454709e+11
1.2980619966e+04 2.511886e+11
1.3041572192e+04 2.570396e+11
1.3103141734e+04 2.630268e+11
1.3165334055e+04 2.691535e+11
1.3228154343e+04 2.754229e+11
1.3291608469e+04 2.818383e+11
1.3355701595e+04 2.884032e+11
1.3420439358e+04 2.951209e+11
1.3485827414e+04 3.019952e+11
1.3551871438e+04 3.090295e+11
1.3618577577e+04 3.162278e+11
1.3685951285e+04 3.235937e+11
1.3753998693e+04 3.311311e+11
1.3822725700e+04 3.388442e+11
1.3892138723e+04 3.467369e+11
1.3962243650e+04 3.548134e+11
1.4033046810e+04 3.630781e+11
1.4104554561e+04 3.715352e+11
1.4176773294e+04 3.801894e+11
1.4249709510e+04 3.890451e+11
1.4323370092e+04 3.981072e+11
1.4397761198e+04 4.073803e+11
1.4472890154e+04 4.168694e+11
1.4548763354e+04 4.265795e+11
1.4625387877e+04 4.365158e+11
1.4702770869e+04 4.466836e+11
1.4780919417e+04 4.570882e+11
1.4859840808e+04 4.677351e+11
1.4939542275e+04 4.786301e+11
1.5020031123e+04 4.897788e+11
1.5101314910e+04 5.011872e+11
1.5183401432e+04 5.128614e+11
1.5266298191e+04 5.248075e+11
1.5350012954e+04 5.370318e+11
1.5434553846e+04 5.495409e+11
1.5519928814e+04 5.623413e+11
1.5606145886e+04 5.754399e+11
1.5693213425e+04 5.888437e+11
1.5781139766e+04 6.025596e+11
1.5869933161e+04 6.165950e+11
1.5959602316e+04 6.309573e+11
1.6050155914e+04 6.456542e+11
1.6141602780e+04 6.606934e+11
1.6233951658e+04 6.760830e+11
1.6327211674e+04 6.918310e+11
1.6421392031e+04 7.079458e+11
1.6516502005e+04 7.244360e+11
1.6612550952e+04 7.413102e+11
1.6709548307e+04 7.585776e+11
1.6807503619e+04 7.762471e+11
1.6906427146e+04 7.943282e+11
1.7006328172e+04 8.128305e+11
1.7107217214e+04 8.317638e+11
1.7209104251e+04 8.511380e+11
1.7311999545e+04 8.709636e+11
1.7415913591e+04 8.912509e+11
1.7520856983e+04 9.120108e+11
1.7626840408e+04 9.332543e+11
1.7733874692e+04 9.549926e+11
1.7841971242e+04 9.772372e+11
1.7951140639e+04 1.000000e+12
1.8061394751e+04 1.023293e+12
1.8172744596e+04 1.047129e+12
1.8285201962e+04 1.071519e+12
1.8398778863e+04 1.096478e+12
1.8513486992e+04 1.122018e+12
1.8629338462e+04 1.148154e+12
1.8746345747e+04 1.174898e+12
1.8864521166e+04 1.202264e+12
1.8983877135e+04 1.230269e+12
1.9104426771e+04 1.258925e+12
1.9226182687e+04 1.288250e+12
1.9349158454e+04 1.318257e+12
1.9473367004e+04 1.348963e+12
1.9598821933e+04 1.380384e+12
1.9725536973e+04 1.412538e+12
1.9853525999e+04 1.445440e+12
1.9982803026e+04 1.479108e+12
2.0113382213e+04 1.513561e+12
2.0245278243e+04 1.548817e+12
2.0378505622e+04 1.584893e+12
2.0513079192e+04 1.621810e+12
2.0649013861e+04 1.659587e+12
2.0786325354e+04 1.698244e+12
2.0925028754e+04 1.737801e+12
2.1065139807e+04 1.778279e+12
2.1206674427e+04 1.819701e+12
2.1349648702e+04 1.862087e+12
2.1494079193e+04 1.905461e+12
2.1639982380e+04 1.949845e+12
2.1787374768e+04 1.995262e+12
2.1936274020e+04 2.041738e+12
2.2086696877e+04 2.089296e+12
2.2238660960e+04 2.137962e+12
2.2392184237e+04 2.187762e+12
2.2547284675e+04 2.238721e+12
2.2703980445e+04 2.290868e+12
2.2862290317e+04 2.344229e+12
2.3022232872e+04 2.398833e+12
2.3183827019e+04 2.454709e+12
2.3347092459e+04 2.511886e+12
2.3512048426e+04 2.570396e+12
2.3678715240e+04 2.630268e+12
2.3847112659e+04 2.691535e+12
2.4017261256e+04 2.754229e+12
2.4189181841e+04 2.818383e+12
2.4362895464e+04 2.884032e+12
2.4538423421e+04 2.951209e+12
2.4715787252e+04 3.019952e+12
2.4895008965e+04 3.090295e+12
2.5076111093e+04 3.162278e+12
2.5259115767e+04 3.235937e+12
2.5444046212e+04 3.311311e+12
2.5630925707e+04 3.388442e+12
2.5819777628e+04 3.467369e+12
2.6010625963e+04 3.548134e+12
2.6203494985e+04 3.630781e+12
2.6398409260e+04 3.715352e+12
2.6595393760e+04 3.801894e+12
2.6794474206e+04 3.890451e+12
2.6995675601e+04 3.981072e+12
2.7199024783e+04 4.073803e+12
2.7404547569e+04 4.168694e+12
2.7612270997e+04 4.265795e+12
2.7822222629e+04 4.365158e+12
2.8034429800e+04 4.466836e+12
2.8248920551e+04 4.570882e+12
2.8465723672e+04 4.677351e+12
2.8684867720e+04 4.786301e+12
2.8906381801e+04 4.897788e+12
2.9130296328e+04 5.011872e+12
2.9356640694e+04 5.128614e+12
2.9585446282e+04 5.248075e+12
2.9816743769e+04 5.370318e+12
3.0050564708e+04 5.495409e+12
3.0286941170e+04 5.623413e+12
3.0525905638e+04 5.754399e+12
3.0767491003e+04 5.888437e+12
3.1011731149e+04 6.025596e+12
3.1258659690e+04 6.165950e+12
3.1508311154e+04 6.309573e+12
3.1760720547e+04 6.456542e+12
3.2015923741e+04 6.606934e+12
3.2273956434e+04 6.760830e+12
3.2534855354e+04 6.918310e+12
3.2798657711e+04 7.079458e+12
3.3065401199e+04 7.244360e+12
3.3335124033e+04 7.413102e+12
3.3607865793e+04 7.585776e+12
3.3883665024e+04 7.762471e+12
3.4162562657e+04 7.943282e+12
3.4444598748e+04 8.128305e+12
3.4729814873e+04 8.317638e+12
3.5018253330e+04 8.511380e+12
3.5309956425e+04 8.709636e+12
3.5604967631e+04 8.912509e+12
3.5903330926e+04 9.120108e+12
3.6205090654e+04 9.332543e+12
3.6510292227e+04 9.549926e+12
3.6818982025e+04 9.772372e+12
3.7131206505e+04 1.000000e+13
3.7447013052e+04 1.023293e+13
3.7766450085e+04 1.047129e+13
3.8089566688e+04 1.071519e+13
3.8416412618e+04 1.096478e+13
3.8747038319e+04 1.122018e+13
3.9081494925e+04 1.148154e+13
3.9419834661e+04 1.174898e+13
3.9762110847e+04 1.202264e+13
4.0108376904e+04 1.230269e+13
4.0458687417e+04 1.258925e+13
4.0813098175e+04 1.288250e+13
4.1171665660e+04 1.318257e+13
4.1534447101e+04 1.348963e+13
4.1901500810e+04 1.380384e+13
4.2272885666e+04 1.412538e+13
4.2648661582e+04 1.445440e+13
4.3028890572e+04 1.479108e+13
4.3413633719e+04 1.513561e+13
4.3802954293e+04 1.548817e+13
4.4196916888e+04 1.584893e+13
4.4595586189e+04 1.621810e+13
4.4999028361e+04 1.659587e+13
4.5407311109e+04 1.698244e+13
4.5820502247e+04 1.737801e+13
4.6238670992e+04 1.778279e+13
4.6661888990e+04 1.819701e+13
4.7090226989e+04 1.862087e+13
4.7523758124e+04 1.905461e+13
4.7962556747e+04 1.949845e+13
4.8406698307e+04 1.995262e+13
4.8856259360e+04 2.041738e+13
4.9311317589e+04 2.089296e+13
4.9771951819e+04 2.137962e+13
5.0238243200e+04 2.187762e+13
5.0710272730e+04 2.238721e+13
5.1188124629e+04 2.290868e+13
5.1671882598e+04 2.344229e+13
5.2036590181e+04 2.398833e+13
5.2530746758e+04 2.454709e+13
5.3030165528e+04 2.511886e+13
5.3534915452e+04 2.570396e+13
5.4045066567e+04 2.630268e+13
5.4560690003e+04 2.691535e+13
5.5081857985e+04 2.754229e+13
5.5608643850e+04 2.818383e+13
5.6141122052e+04 2.884032e+13
5.6679368172e+04 2.951209e+13
5.7223458928e+04 3.019952e+13
5.7773472183e+04 3.090295e+13
5.8329486955e+04 3.162278e+13
5.8891583421e+04 3.235937e+13
5.9459842931e+04 3.311311e+13
6.0034348012e+04 3.388442e+13
6.0615182378e+04 3.467369e+13
6.1202430933e+04 3.548134e+13
6.1796179784e+04 3.630781e+13
6.2396516244e+04 3.715352e+13
6.3003528838e+04 3.801894e+13
6.3617307312e+04 3.890451e+13
6.4237942637e+04 3.981072e+13
6.4865527016e+04 4.073803e+13
6.5500153888e+04 4.168694e+13
6.6141917934e+04 4.265795e+13
6.6790915081e+04 4.365158e+13
6.7447242509e+04 4.466836e+13
6.8110998650e+04 4.570882e+13
6.8782283197e+04 4.677351e+13
6.9461197106e+04 4.786301e+13
7.0147842599e+04 4.897788e+13
7.0842323164e+04 5.011872e+13
7.1544743565e+04 5.128614e+13
7.2255209835e+04 5.248075e+13
7.2973829286e+04 5.370318e+13
7.3700710506e+04 5.495409e+13
7.4435963362e+04 5.623413e+13
7.5179699000e+04 5.754399e+13
7.5932029846e+04 5.888437e+13
7.6693069607e+04 6.025596e+13
7.7462933272e+04 6.165950e+13
7.8241737108e+04 6.309573e+13
7.9029598664e+04 6.456542e+13
7.9826636766e+04 6.606934e+13
8.0632971520e+04 6.760830e+13
8.1448724305e+04 6.918310e+13
8.2274017777e+04 7.079458e+13
8.3108975864e+04 7.244360e+13
8.3953723763e+04 7.413102e+13
8.4808387940e+04 7.585776e+13
8.5673096123e+04 7.762471e+13
8.6547977303e+04 7.943282e+13
8.7433161730e+04 8.128305e+13
8.8328780907e+04 8.317638e+13
8.9234967587e+04 8.511380e+13
9.0151855772e+04 8.709636e+13
9.1079580704e+04 8.912509e+13
9.2018278864e+04 9.120108e+13
9.2968087968e+04 9.332543e+13
9.3929146957e+04 9.549926e+13
9.4901596001e+04 9.772372e+13
9.5885576485e+04 1.000000e+14
9.6881231011e+04 1.023293e+14
9.7888703389e+04 1.047129e+14
9.8908138632e+04 1.071519e+14
9.9939682956e+04 1.096478e+14
1.0098348377e+05 1.122018e+14
1.0203968966e+05 1.148154e+14
1.0310845042e+05 1.174898e+14
1.0418991700e+05 1.202264e+14
1.0528424154e+05 1.230269e+14
1.0639157735e+05 1.258925e+14
1.0751207889e+05 1.288250e+14
1.0864590180e+05 1.318257e+14
1.0979320286e+05 1.348963e+14
1.1095414001e+05 1.380384e+14
1.1212887236e+05 1.412538e+14
1.1331756015e+05 1.445440e+14
1.1452036476e+05 1.479108e+14
1.1573744872e+05 1.513561e+14
1.1696897570e+05 1.548817e+14
1.1821511052e+05 1.584893e+14
1.1947601914e+05 1.621810e+14
1.2075186864e+05 1.659587e+14
1.2204282726e+05 1.698244e+14
1.2334906439e+05 1.737801e+14
1.2467075054e+05 1.778279e+14
1.2600805738e+05 1.819701e+14
1.2736115775e+05 1.862087e+14
1.2873022562e+05 1.905461e+14
1.3011543613e+05 1.949845e+14
1.3151696561e+05 1.995262e+14
1.3293499154e+05 2.041738e+14
1.3436969261e+05 2.089296e+14
1.3582124868e+05 2.137962e+14
1.3728984084e+05 2.187762e+14
1.3877565140e+05 2.238721e+14
1.4027886389e+05 2.290868e+14
1.4179966311e+05 2.344229e+14
1.4333823510e+05 2.398833e+14
1.4489476721e+05 2.454709e+14
1.4646944808e+05 2.511886e+14
1.4806246768e+05 2.570396e+14
1.4967401732e+05 2.630268e+14
1.5130428970e+05 2.691535e+14
1.5295347890e+05 2.754229e+14
1.5462178044e+05 2.818383e+14
1.5630939129e+05 2.884032e+14
1.5801650991e+05 2.951209e+14
1.5974333627e+05 3.019952e+14
1.6149007192e+05 3.090295e+14
1.6325691999e+05 3.162278e+14
1.6504408524e+05 3.235937e+14
1.6685177411e+05 3.311311e+14
1.6868019476e+05 3.388442e+14
1.7052955712e+05 3.467369e+14
1.7240007291e+05 3.548134e+14
1.7429195573e+05 3.630781e+14
1.7620542110e+05 3.715352e+14
1.7814068649e+05 3.801894e+14
1.8009797140e+05 3.890451e+14
1.8207749743e+05 3.981072e+14
1.8407948831e+05 4.073803e+14
1.8610416998e+05 4.168694e+14
1.8815177065e+05 4.265795e+14
1.9022252090e+05 4.365158e+14
1.9231665370e+05 4.466836e+14
1.9443440450e+05 4.570882e+14
1.9657601134e+05 4.677351e+14
1.9874171488e+05 4.786301e+14
2.0093175850e+05 4.897788e+14
2.0314638840e+05 5.011872e+14
2.0538585365e+05 5.128614e+14
2.0765040629e+05 5.248075e+14
2.0994030145e+05 5.370318e+14
2.1225579739e+05 5.495409e+14
2.1459715563e+05 5.623413e+14
2.1696464104e+05 5.754399e+14
2.1935852191e+05 5.888437e+14
2.2177907012e+05 6.025596e+14
2.2422656115e+05 6.165950e+14
2.2670127426e+05 6.309573e+14
2.2920349256e+05 6.456542e+14
2.3173350312e+05 6.606934e+14
2.3429159711e+05 6.760830e+14
2.3687806986e+05 6.918310e+14
2.3949322104e+05 7.079458e+14
2.4213735473e+05 7.244360e+14
2.4481077952e+05 7.413102e+14
2.4751380872e+05 7.585776e+14
2.5024676036e+05 7.762471e+14
2.5300995742e+05 7.943282e+14
2.5580372789e+05 8.128305e+14
2.5862840491e+05 8.317638e+14
2.6148432693e+05 8.511380e+14
2.6437183777e+05 8.709636e+14
2.6729128684e+05 8.912509e+14
2.7024302918e+05 9.120108e+14
2.7322742567e+05 9.332543e+14
2.7624484310e+05 9.549926e+14
2.7929565435e+05 9.772372e+14
2.8238023849e+05 1.000000e+15
2.8549898097e+05 1.023293e+15
2.8865227368e+05 1.047129e+15
2.9184051514e+05 1.071519e+15
2.9506411064e+05 1.096478e+15
2.9832347235e+05 1.122018e+15
3.0161901947e+05 1.148154e+15
3.0495117837e+05 1.174898e+15
3.0832038275e+05 1.202264e+15
3.1172707373e+05 1.230269e+15
3.1517170003e+05 1.258925e+15
3.1865471813e+05 1.288250e+15
3.2217659232e+05 1.318257e+15
3.2573779495e+05 1.348963e+15
3.2933880649e+05 1.380384e+15
3.3298011570e+05 1.412538e+15
3.3666221978e+05 1.445440e+15
3.4038562447e+05 1.479108e+15
3.4415084424e+05 1.513561e+15
3.4795840238e+05 1.548817e+15
3.5180883117e+05 1.584893e+15
3.5570267199e+05 1.621810e+15
3.5964047548e+05 1.659587e+15
3.6362280168e+05 1.698244e+15
3.6765022013e+05 1.737801e+15
3.7172331003e+05 1.778279e+15
3.7584266038e+05 1.819701e+15
3.8000887009e+05 1.862087e+15
3.8422254814e+05 1.905461e+15
3.8848431368e+05 1.949845e+15
3.9279479618e+05 1.995262e+15
3.9715463556e+05 2.041738e+15
4.0156448231e+05 2.089296e+15
4.0602499765e+05 2.137962e+15
4.1053685358e+05 2.187762e+15
4.1510073309e+05 2.238721e+15
4.1971733026e+05 2.290868e+15
4.2438735036e+05 2.344229e+15
4.2911151000e+05 2.398833e+15
4.3389053723e+05 2.454709e+15
4.3872517169e+05 2.511886e+15
4.4361616473e+05 2.570396e+15
4.4856427950e+05 2.630268e+15
4.5357029111e+05 2.691535e+15
4.5863498670e+05 2.754229e+15
4.6375916563e+05 2.818383e+15
4.6894363954e+05 2.884032e+15
4.7418923247e+05 2.951209e+15
4.7949678103e+05 3.019952e+15
4.8486713445e+05 3.090295e+15
4.9030115475e+05 3.162278e+15
4.9579971684e+05 3.235937e+15
5.0136370862e+05 3.311311e+15
5.0699403110e+05 3.388442e+15
5.1269159856e+05 3.467369e+15
5.1845733861e+05 3.548134e+15
5.2429219234e+05 3.630781e+15
5.3019711441e+05 3.715352e+15
5.3617307321e+05 3.801894e+15
5.4222105093e+05 3.890451e+15
5.4834204372e+05 3.981072e+15
5.5453706178e+05 4.073803e+15
5.6080712948e+05 4.168694e+15
5.6715328551e+05 4.265795e+15
5.7357658295e+05 4.365158e+15
5.8007808946e+05 4.466836e+15
5.8665888734e+05 4.570882e+15
5.9332007368e+05 4.677351e+15
6.0006276050e+05 4.786301e+15
6.0688807484e+05 4.897788e+15
6.1379715893e+05 5.011872e+15
6.2079117030e+05 5.128614e+15
6.2787128191e+05 5.248075e+15
6.3503868228e+05 5.370318e+15
6.4229457565e+05 5.495409e+15
6.4964018208e+05 5.623413e+15
6.5707673763e+05 5.754399e+15
6.6460549449e+05 5.888437e+15
6.7222772109e+05 6.025596e+15
6.7994470231e+05 6.165950e+15
6.8775773959e+05 6.309573e+15
6.9566815108e+05 6.456542e+15
7.0367727182e+05 6.606934e+15
7.1178645389e+05 6.760830e+15
7.1999706657e+05 6.918310e+15
7.2831049650e+05 7.079458e+15
7.3672814787e+05 7.244360e+15
7.4525144257e+05 7.413102e+15
7.5388182041e+05 7.585776e+15
7.6262073923e+05 7.762471e+15
7.7146967514e+05 7.943282e+15
7.8043012272e+05 8.128305e+15
7.8950359516e+05 8.317638e+15
7.9869162449e+05 8.511380e+15
8.0799576180e+05 8.709636e+15
8.1741757742e+05 8.912509e+15
8.2695866112e+05 9.120108e+15
8.3662062238e+05 9.332543e+15
8.4640509057e+05 9.549926e+15
8.5631371516e+05 9.772372e+15
8.6634816601e+05 1.000000e+16
8.7651013358e+05 1.023293e+16
8.8680132913e+05 1.047129e+16
8.9722348506e+05 1.071519e+16
9.0777835508e+05 1.096478e+16
9.1846771451e+05 1.122018e+16
9.2929336055e+05 1.148154e+16
9.4025711252e+05 1.174898e+16
9.5136081218e+05 1.202264e+16
9.6260632398e+05 1.230269e+16
9.7399553538e+05 1.258925e+16
9.8553035712e+05 1.288250e+16
9.9721272352e+05 1.318257e+16
1.0090445928e+06 1.348963e+16
1.0210279475e+06 1.380384e+16
1.0331647945e+06 1.412538e+16
1.0454571658e+06 1.445440e+16
1.0579071183e+06 1.479108e+16
1.0705167348e+06 1.513561e+16
1.0832881238e+06 1.548817e+16
1.0962234200e+06 1.584893e+16
1.1093247848e+06 1.621810e+16
1.1225944068e+06 1.659587e+16
1.1360345015e+06 1.698244e+16
1.1496473126e+06 1.737801e+16
1.1634351117e+06 1.778279e+16
1.1774001992e+06 1.819701e+16
1.1915449040e+06 1.862087e+16
1.2058715849e+06 1.905461e+16
1.2203826301e+06 1.949845e+16
1.2350804583e+06 1.995262e+16
1.2499675186e+06 2.041738e+16
1.2650462914e+06 2.089296e+16
1.2803192887e+06 2.137962e+16
1.2957890543e+06 2.187762e+16
1.3114581646e+06 2.238721e+16
1.3273292290e+06 2.290868e+16
1.3434048903e+06 2.344229e+16
1.3596878252e+06 2.398833e+16
1.3761807450e+06 2.454709e+16
1.3928863957e+06 2.511886e+16
1.4098075589e+06 2.570396e+16
1.4269470523e+06 2.630268e+16
1.4443077297e+06 2.691535e+16
1.4618924824e+06 2.754229e+16
1.4797042390e+06 2.818383e+16
1.4977459663e+06 2.884032e+16
1.5160206700e+06 2.951209e+16
1.5345313948e+06 3.019952e+16
1.5532812255e+06 3.090295e+16
1.5722732871e+06 3.162278e+16
1.5915107458e+06 3.235937e+16
1.6109968093e+06 3.311311e+16
1.6307347279e+06 3.388442e+16
1.6507277943e+06 3.467369e+16
1.6709793449e+06 3.548134e+16
1.6914927604e+06 3.630781e+16
1.7122714661e+06 3.715352e+16
1.7333189326e+06 3.801894e+16
1.7546386769e+06 3.890451e+16
1.7762342625e+06 3.981072e+16
1.7981093005e+06 4.073803e+16
1.8202674501e+06 4.168694e+16
1.8427124192e+06 4.265795e+16
1.8654479653e+06 4.365158e+16
1.8884778963e+06 4.466836e+16
1.9118060708e+06 4.570882e+16
1.9354363992e+06 4.677351e+16
1.9593728443e+06 4.786301e+16
1.9836194223e+06 4.897788e+16
2.0081802030e+06 5.011872e+16
2.0330593112e+06 5.128614e+16
2.0582609271e+06 5.248075e+16
2.0837892869e+06 5.370318e+16
2.1096486844e+06 5.495409e+16
2.1358434709e+06 5.623413e+16
2.1623780564e+06 5.754399e+16
2.1892569107e+06 5.888437e+16
2.2164845637e+06 6.025596e+16
2.2440656066e+06 6.165950e+16
2.2720046926e+06 6.309573e+16
2.3003065380e+06 6.456542e+16
2.3289759228e+06 6.606934e+16
2.3580176917e+06 6.760830e+16
2.3874367551e+06 6.918310e+16
2.4172380897e+06 7.079458e+16
2.4474267398e+06 7.244360e+16
2.4780078182e+06 7.413102e+16
2.5089865067e+06 7.585776e+16
2.5403680578e+06 7.762471e+16
2.5721577948e+06 7.943282e+16
2.6043611135e+06 8.128305e+16
2.6369834829e+06 8.317638e+16
2.6700304463e+06 8.511380e+16
2.7035076220e+06 8.709636e+16
2.7374207049e+06 8.912509e+16
2.7717754671e+06 9.120108e+16
2.8065777590e+06 9.332543e+16
2.8418335106e+06 9.549926e+16
2.8775487324e+06 9.772372e+16
2.9137295166e+06 1.000000e+17
2.9503820381e+06 1.023293e+17
2.9875125557e+06 1.047129e+17
3.0251274135e+06 1.071519e+17
3.0632330414e+06 1.096478e+17
3.1018359569e+06 1.122018e+17
3.1409427661e+06 1.148154e+17
3.1805601647e+06 1.174898e+17
3.2206949397e+06 1.202264e+17
3.2613539700e+06 1.230269e+17
3.3025442282e+06 1.258925e+17
3.3442727815e+06 1.288250e+17
3.3865467933e+06 1.318257e+17
3.4293735243e+06 1.348963e+17
3.4727603338e+06 1.380384e+17
3.5167146813e+06 1.412538e+17
3.5612441273e+06 1.445440e+17
3.6063563355e+06 1.479108e+17
3.6520590734e+06 1.513561e+17
3.6983602142e+06 1.548817e+17
3.7452677381e+06 1.584893e+17
3.7927897336e+06 1.621810e+17
3.8409343993e+06 1.659587e+17
3.8897100451e+06 1.698244e+17
3.9391250938e+06 1.737801e+17
3.9891880827e+06 1.778279e+17
4.0399076650e+06 1.819701e+17
4.0912926116e+06 1.862087e+17
4.1433518125e+06 1.905461e+17
4.1960942785e+06 1.949845e+17
4.2495291429e+06 1.995262e+17
4.3036656630e+06 2.041738e+17
4.3585132220e+06 2.089296e+17
4.4140813303e+06 2.137962e+17
4.4703796279e+06 2.187762e+17
4.5274178856e+06 2.238721e+17
4.5852060070e+06 2.290868e+17
4.6437540302e+06 2.344229e+17
4.7030721297e+06 2.398833e+17
4.7631706184e+06 2.454709e+17
4.8240599491e+06 2.511886e+17
4.8857507169e+06 2.570396e+17
4.9482536607e+06 2.630268e+17
5.0115796655e+06 2.691535e+17
5.0757397639e+06 2.754229e+17
5.1407451388e+06 2.818383e+17
5.2066071250e+06 2.884032e+17
5.2733372112e+06 2.951209e+17
5.3409470424e+06 3.019952e+17
5.4094484219e+06 3.090295e+17
5.4788533133e+06 3.162278e+17
5.5491738430e+06 3.235937e+17
5.6204223022e+06 3.311311e+17
5.6926111491e+06 3.388442e+17
5.7657530115e+06 3.467369e+17
5.8398606886e+06 3.548134e+17
5.9149471540e+06 3.630781e+17
5.9910255574e+06 3.715352e+17
6.0681092276e+06 3.801894e+17
6.1462116744e+06 3.890451e+17
6.2253465916e+06 3.981072e+17
6.3055278590e+06 4.073803e+17
6.3867695456e+06 4.168694e+17
6.4690859113e+06 4.265795e+17
6.5524914105e+06 4.365158e+17
6.6370006938e+06 4.466836e+17
6.7226286116e+06 4.570882e+17
6.8093902161e+06 4.677351e+17
6.8973007643e+06 4.786301e+17
6.9863757210e+06 4.897788e+17
7.0766307615e+06 5.011872e+17
7.1680817744e+06 5.128614e+17
7.2607448647e+06 5.248075e+17
7.3546363564e+06 5.370318e+17
7.4497727961e+06 5.495409e+17
7.5461709555e+06 5.623413e+17
7.6438478347e+06 5.754399e+17
7.7428206654e+06 5.888437e+17
7.8431069139e+06 6.025596e+17
7.9447242845e+06 6.165950e+17
8.0476907227e+06 6.309573e+17
8.1520244183e+06 6.456542e+17
8.2577438090e+06 6.606934e+17
8.3648675839e+06 6.760830e+17
8.4734146866e+06 6.918310e+17
8.5834043188e+06 7.079458e+17
8.6948559441e+06 7.244360e+17
8.8077892913e+06 7.413102e+17
8.9222243580e+06 7.585776e+17
9.0381814146e+06 7.762471e+17
9.1556810079e+06 7.943282e+17
9.2747439646e+06 8.128305e+17
9.3953913956e+06 8.317638e+17
9.5176446997e+06 8.511380e+17
9.6415255675e+06 8.709636e+17
9.7670559854e+06 8.912509e+17
9.8942582396e+06 9.120108e+17
1.0023154921e+07 9.332543e+17
1.0153768927e+07 9.549926e+17
1.0286123470e+07 9.772372e+17
1.0420242077e+07 1.000000e+18
1.0556148597e+07 1.023293e+18
1.0693867204e+07 1.047129e+18
1.0833422403e+07 1.071519e+18
1.0974839031e+07 1.096478e+18
1.1118142268e+07 1.122018e+18
1.1263357634e+07 1.148154e+18
1.1410510999e+07 1.174898e+18
1.1559628587e+07 1.202264e+18
1.1710736979e+07 1.230269e+18
1.1863863118e+07 1.258925e+18
1.2019034319e+07 1.288250e+18
1.2176278265e+07 1.318257e+18
1.2335623020e+07 1.348963e+18
1.2497097032e+07 1.380384e+18
1.2660729135e+07 1.412538e+18
1.2826548560e+07 1.445440e+18
1.2994584935e+07 1.479108e+18
1.3164868294e+07 1.513561e+18
1.3337429082e+07 1.548817e+18
1.3512298158e+07 1.584893e+18
1.3689506806e+07 1.621810e+18
1.3869086734e+07 1.659587e+18
1.4051070087e+07 1.698244e+18
1.4235489447e+07 1.737801e+18
1.4422377842e+07 1.778279e+18
1.4611768752e+07 1.819701e+18
1.4803696115e+07 1.862087e+18
1.4998194334e+07 1.905461e+18
1.5195298279e+07 1.949845e+18
1.5395043302e+07 1.995262e+18
1.5597465234e+07 2.041738e+18
1.5802600399e+07 2.089296e+18
1.6010485617e+07 2.137962e+18
1.6221158212e+07 2.187762e+18
1.6434656018e+07 2.238721e+18
1.6651017389e+07 2.290868e+18
1.6870281200e+07 2.344229e+18
1.7092486862e+07 2.398833e+18
1.7317674323e+07 2.454709e+18
1.7545884079e+07 2.511886e+18
1.7777157179e+07 2.570396e+18
1.8011535236e+07 2.630268e+18
1.8249060430e+07 2.691535e+18
1.8489775522e+07 2.754229e+18
1.8733723855e+07 2.818383e+18
1.8980949369e+07 2.884032e+18
1.9231496602e+07 2.951209e+18
1.9485410706e+07 3.019952e+18
1.9742737448e+07 3.090295e+18
2.0003523223e+07 3.162278e+18
2.0267815064e+07 3.235937e+18
2.0535660644e+07 3.311311e+18
2.0807108292e+07 3.388442e+18
2.1082207000e+07 3.467369e+18
2.1361006428e+07 3.548134e+18
2.1643556920e+07 3.630781e+18
2.1929909507e+07 3.715352e+18
2.2220115922e+07 3.801894e+18
2.2514228605e+07 3.890451e+18
2.2812300716e+07 3.981072e+18
2.3114386143e+07 4.073803e+18
2.3420539515e+07 4.168694e+18
2.3730816205e+07 4.265795e+18
2.4045272351e+07 4.365158e+18
2.4363964858e+07 4.466836e+18
2.4686951409e+07 4.570882e+18
2.5014290483e+07 4.677351e+18
2.5346041357e+07 4.786301e+18
2.5682264124e+07 4.897788e+18
2.6023019698e+07 5.011872e+18
2.6368369831e+07 5.128614e+18
2.6718377121e+07 5.248075e+18
2.7073105026e+07 5.370318e+18
2.7432617873e+07 5.495409e+18
2.7796980873e+07 5.623413e+18
2.8166260131e+07 5.754399e+18
2.8540522658e+07 5.888437e+18
2.8919836388e+07 6.025596e+18
2.9304270184e+07 6.165950e+18
2.9693893856e+07 6.309573e+18
3.0088778171e+07 6.456542e+18
3.0488994867e+07 6.606934e+18
3.0894616669e+07 6.760830e+18
3.1305717299e+07 6.918310e+18
3.1722371490e+07 7.079458e+18
3.2144655003e+07 7.244360e+18
3.2572644639e+07 7.413102e+18
3.3006418252e+07 7.585776e+18
3.3446054766e+07 7.762471e+18
3.3891634190e+07 7.943282e+18
3.4343237630e+07 8.128305e+18
3.4800947306e+07 8.317638e+18
3.5264846570e+07 8.511380e+18
3.5735019916e+07 8.709636e+18
3.6211552999e+07 8.912509e+18
3.6694532653e+07 9.120108e+18
3.7184046901e+07 9.332543e+18
3.7680184980e+07 9.549926e+18
3.8183037350e+07 9.772372e+18
3.8692695714e+07 1.000000e+19
3.9209253037e+07 1.023293e+19
3.9732803559e+07 1.047129e+19
4.0263442819e+07 1.071519e+19
4.0801267665e+07 1.096478e+19
4.1346376278e+07 1.122018e+19
4.1898868188e+07 1.148154e+19
4.2458844295e+07 1.174898e+19
4.3026406883e+07 1.202264e+19
4.3601659644e+07 1.230269e+19
4.4184707695e+07 1.258925e+19
4.4775657600e+07 1.288250e+19
4.5374617385e+07 1.318257e+19
4.5981696564e+07 1.348963e+19
4.6597006156e+07 1.380384e+19
4.7220658707e+07 1.412538e+19
4.7852768310e+07 1.445440e+19
4.8493450628e+07 1.479108e+19
4.9142822914e+07 1.513561e+19
4.9801004036e+07 1.548817e+19
5.0468114493e+07 1.584893e+19
5.1144276447e+07 1.621810e+19
5.1829613735e+07 1.659587e+19
5.2524251901e+07 1.698244e+19
5.3228318216e+07 1.737801e+19
5.3941941701e+07 1.778279e+19
5.4665253153e+07 1.819701e+19
5.5398385169e+07 1.862087e+19
5.6141472170e+07 1.905461e+19
5.6894650428e+07 1.949845e+19
5.7658058089e+07 1.995262e+19
5.8431835200e+07 2.041738e+19
5.9216123738e+07 2.089296e+19
6.0011067632e+07 2.137962e+19
6.0816812793e+07 2.187762e+19
6.1633507139e+07 2.238721e+19
6.2461300627e+07 2.290868e+19
6.3300345278e+07 2.344229e+19
6.4150795203e+07 2.398833e+19
6.5012806637e+07 2.454709e+19
6.5886537967e+07 2.511886e+19
6.6772149760e+07 2.570396e+19
6.7669804794e+07 2.630268e+19
6.8579668088e+07 2.691535e+19
6.9501906933e+07 2.754229e+19
7.0436690927e+07 2.818383e+19
7.1384192001e+07 2.884032e+19
7.2344584455e+07 2.951209e+19
7.3318044989e+07 3.019952e+19
7.4304752738e+07 3.090295e+19
7.5304889304e+07 3.162278e+19
7.6318638791e+07 3.235937e+19
7.7346187839e+07 3.311311e+19
7.8387725661e+07 3.388442e+19
7.9443444073e+07 3.467369e+19
8.0513537537e+07 3.548134e+19
8.1598203195e+07 3.630781e+19
8.2697640902e+07 3.715352e+19
8.3812053271e+07 3.801894e+19
8.4941645705e+07 3.890451e+19
8.6086626437e+07 3.981072e+19
8.7247206571e+07 4.073803e+19
8.8423600121e+07 4.168694e+19
8.9616024049e+07 4.265795e+19
9.0824698309e+07 4.365158e+19
9.2049845886e+07 4.466836e+19
9.3291692840e+07 4.570882e+19
9.4550468345e+07 4.677351e+19
9.5826404737e+07 4.786301e+19
9.7119737553e+07 4.897788e+19
9.8430705578e+07 5.011872e+19
9.9759550889e+07 5.128614e+19
1.0110651890e+08 5.248075e+19
1.0247185841e+08 5.370318e+19
1.0385582166e+08 5.495409e+19
1.0525866434e+08 5.623413e+19
1.0668064569e+08 5.754399e+19
1.0812202852e+08 5.888437e+19
1.0958307927e+08 6.025596e+19
1.1106406804e+08 6.165950e+19
1.1256526867e+08 6.309573e+19
1.1408695876e+08 6.456542e+19
1.1562941976e+08 6.606934e+19
1.1719293699e+08 6.760830e+19
1.1877779970e+08 6.918310e+19
1.2038430115e+08 7.079458e+19
1.2201273863e+08 7.244360e+19
1.2366341353e+08 7.413102e+19
1.2533663141e+08 7.585776e+19
1.2703270203e+08 7.762471e+19
1.2875193944e+08 7.943282e+19
1.3049466202e+08 8.128305e+19
1.3226119253e+08 8.317638e+19
1.3405185821e+08 8.511380e+19
1.3586699077e+08 8.709636e+19
1.3770692656e+08 8.912509e+19
1.3957200651e+08 9.120108e+19
1.4146257631e+08 9.332543e+19
1.4337898637e+08 9.549926e+19
1.4532159198e+08 9.772372e+19
1.4729075331e+08 1.000000e+20
1.4928683551e+08 1.023293e+20
1.5131020876e+08 1.047129e+20
1.5336124836e+08 1.071519e+20
1.5544033479e+08 1.096478e+20
1.5754785378e+08 1.122018e+20
1.5968419639e+08 1.148154e+20
1.6184975907e+08 1.174898e+20
1.6404494374e+08 1.202264e+20
1.6627015790e+08 1.230269e+20
1.6852581464e+08 1.258925e+20
1.7081233276e+08 1.288250e+20
1.7313013687e+08 1.318257e+20
1.7547965742e+08 1.348963e+20
1.7786133080e+08 1.380384e+20
1.8027559945e+08 1.412538e+20
1.8272291189e+08 1.445440e+20
1.8520372285e+08 1.479108e+20
1.8771849336e+08 1.513561e+20
1.9026769078e+08 1.548817e+20
1.9285178894e+08 1.584893e+20
1.9547126824e+08 1.621810e+20
1.9812661567e+08 1.659587e+20
2.0081832499e+08 1.698244e+20
2.0354689674e+08 1.737801e+20
2.0631283842e+08 1.778279e+20
2.0911666450e+08 1.819701e+20
2.1195889658e+08 1.862087e+20
2.1484006346e+08 1.905461e+20
2.1776070125e+08 1.949845e+20
2.2072135346e+08 1.995262e+20
2.2372257112e+08 2.041738e+20
2.2676491286e+08 2.089296e+20
2.2984894503e+08 2.137962e+20
2.3297524183e+08 2.187762e+20
2.3614438537e+08 2.238721e+20
2.3935696580e+08 2.290868e+20
2.4261358145e+08 2.344229e+20
2.4591483890e+08 2.398833e+20
2.4926135312e+08 2.454709e+20
2.5265374757e+08 2.511886e+20
2.5609265435e+08 2.570396e+20
2.5957871427e+08 2.630268e+20
2.6311257702e+08 2.691535e+20
2.6669490124e+08 2.754229e+20
2.7032635471e+08 2.818383e+20
2.7400761442e+08 2.884032e+20
2.7773936671e+08 2.951209e+20
2.8152230744e+08 3.019952e+20
2.8535714206e+08 3.090295e+20
2.8924458578e+08 3.162278e+20
2.9318536370e+08 3.235937e+20
2.9718021095e+08 3.311311e+20
3.0122987282e+08 3.388442e+20
3.0533510491e+08 3.467369e+20
3.0949667324e+08 3.548134e+20
3.1371535446e+08 3.630781e+20
3.1799193594e+08 3.715352e+20
3.2232721594e+08 3.801894e+20
3.2672200375e+08 3.890451e+20
3.3117711987e+08 3.981072e+20
3.3569339613e+08 4.073803e+20
3.4027167587e+08 4.168694e+20
3.4491281410e+08 4.265795e+20
3.4961767764e+08 4.365158e+20
3.5438714530e+08 4.466836e+20
3.5922210807e+08 4.570882e+20
3.6412346923e+08 4.677351e+20
3.6909214458e+08 4.786301e+20
3.7412906256e+08 4.897788e+20
3.7923516448e+08 5.011872e+20
3.8441140465e+08 5.128614e+20
3.8965875059e+08 5.248075e+20
3.9497818321e+08 5.370318e+20
4.0037069699e+08 5.495409e+20
4.0583730014e+08 5.623413e+20
4.1137901486e+08 5.754399e+20
4.1699687745e+08 5.888437e+20
4.2269193858e+08 6.025596e+20
4.2846526345e+08 6.165950e+20
4.3431793198e+08 6.309573e+20
4.4025103906e+08 6.456542e+20
4.4626569469e+08 6.606934e+20
4.5236302427e+08 6.760830e+20
4.5854416875e+08 6.918310e+20
4.6481028488e+08 7.079458e+20
4.7116254540e+08 7.244360e+20
4.7760213929e+08 7.413102e+20
4.8413027198e+08 7.585776e+20
4.9074816559e+08 7.762471e+20
4.9745705914e+08 7.943282e+20
5.0425820881e+08 8.128305e+20
5.1115288816e+08 8.317638e+20
5.1814238836e+08 8.511380e+20
5.2522801849e+08 8.709636e+20
5.3241110570e+08 8.912509e+20
5.3969299556e+08 9.120108e+20
5.4707505221e+08 9.332543e+20
5.5455865872e+08 9.549926e+20
5.6214521728e+08 9.772372e+20
5.6983614950e+08 1.000000e+21
