4.1000010000e+03 1.000000e+01
4.1000010000e+03 1.023293e+01
4.1000010000e+03 1.047129e+01
4.1000010000e+03 1.071519e+01
4.1000010000e+03 1.096478e+01
4.1000010000e+03 1.122018e+01
4.1000010000e+03 1.148154e+01
4.1000010000e+03 1.174898e+01
4.1000010000e+03 1.202264e+01
4.1000010000e+03 1.230269e+01
4.1000010000e+03 1.258925e+01
4.1000010000e+03 1.288250e+01
4.1000010000e+03 1.318257e+01
4.1000010000e+03 1.348963e+01
4.1000010000e+03 1.380384e+01
4.1000010000e+03 1.412538e+01
4.1000010000e+03 1.445440e+01
4.1000010000e+03 1.479108e+01
4.1000010000e+03 1.513561e+01
4.1000010000e+03 1.548817e+01
4.1000010000e+03 1.584893e+01
4.1000010000e+03 1.621810e+01
4.1000010000e+03 1.659587e+01
4.1000010000e+03 1.698244e+01
4.1000010000e+03 1.737801e+01
4.1000010000e+03 1.778279e+01
4.1000010000e+03 1.819701e+01
4.1000010000e+03 1.862087e+01
4.1000010000e+03 1.905461e+01
4.1000010000e+03 1.949845e+01
4.1000010000e+03 1.995262e+01
4.1000010000e+03 2.041738e+01
4.1000010000e+03 2.089296e+01
4.1000010000e+03 2.137962e+01
4.1000010000e+03 2.187762e+01
4.1000010000e+03 2.238721e+01
4.1000010000e+03 2.290868e+01
4.1000010000e+03 2.344229e+01
4.1000010000e+03 2.398833e+01
4.1000010000e+03 2.454709e+01
4.1000010000e+03 2.511886e+01
4.1000010000e+03 2.570396e+01
4.1000010000e+03 2.630268e+01
4.1000010000e+03 2.691535e+01
4.1000010000e+03 2.754229e+01
4.1000010000e+03 2.818383e+01
4.1000010000e+03 2.884032e+01
4.1000010000e+03 2.951209e+01
4.1000010000e+03 3.019952e+01
4.1000010000e+03 3.090295e+01
4.1000010000e+03 3.162278e+01
4.1000010000e+03 3.235937e+01
4.1000010000e+03 3.311311e+01
4.1000010000e+03 3.388442e+01
4.1000010000e+03 3.467369e+01
4.1000010000e+03 3.548134e+01
4.1000010000e+03 3.630781e+01
4.1000010000e+03 3.715352e+01
4.1000010000e+03 3.801894e+01
4.1000010000e+03 3.890451e+01
4.1000010000e+03 3.981072e+01
4.1000010000e+03 4.073803e+01
4.1000010000e+03 4.168694e+01
4.1000010000e+03 4.265795e+01
4.1000010000e+03 4.365158e+01
4.1000010000e+03 4.466836e+01
4.1000010000e+03 4.570882e+01
4.1000010000e+03 4.677351e+01
4.1000010000e+03 4.786301e+01
4.1000010000e+03 4.897788e+01
4.1000010000e+03 5.011872e+01
4.1000010000e+03 5.128614e+01
4.1000010000e+03 5.248075e+01
4.1000010000e+03 5.370318e+01
4.1000010000e+03 5.495409e+01
4.1000010000e+03 5.623413e+01
4.1000010000e+03 5.754399e+01
4.1000010000e+03 5.888437e+01
4.1000010000e+03 6.025596e+01
4.1000010000e+03 6.165950e+01
4.1000010000e+03 6.309573e+01
4.1000010000e+03 6.456542e+01
4.1000010000e+03 6.606934e+01
4.1000010000e+03 6.760830e+01
4.1000010000e+03 6.918310e+01
4.1000010000e+03 7.079458e+01
4.1000010000e+03 7.244360e+01
4.1000010000e+03 7.413102e+01
4.1000010000e+03 7.585776e+01
4.1000010000e+03 7.762471e+01
4.1000010000e+03 7.943282e+01
4.1000010000e+03 8.128305e+01
4.1000010000e+03 8.317638e+01
4.1000010000e+03 8.511380e+01
4.1000010000e+03 8.709636e+01
4.1000010000e+03 8.912509e+01
4.1000010000e+03 9.120108e+01
4.1000010000e+03 9.332543e+01
4.1000010000e+03 9.549926e+01
4.1000010000e+03 9.772372e+01
4.1000010000e+03 1.000000e+02
4.1000010000e+03 1.023293e+02
4.1000010000e+03 1.047129e+02
4.1000010000e+03 1.071519e+02
4.1000010000e+03 1.096478e+02
4.1000010000e+03 1.122018e+02
4.1000010000e+03 1.148154e+02
4.1000010000e+03 1.174898e+02
4.1000010000e+03 1.202264e+02
4.1000010000e+03 1.230269e+02
4.1000010000e+03 1.258925e+02
4.1000010000e+03 1.288250e+02
4.1000010000e+03 1.318257e+02
4.1000010000e+03 1.348963e+02
4.1000010000e+03 1.380384e+02
4.1000010000e+03 1.412538e+02
4.1000010000e+03 1.445440e+02
4.1000010000e+03 1.479108e+02
4.1000010000e+03 1.513561e+02
4.1000010000e+03 1.548817e+02
4.1000010000e+03 1.584893e+02
4.1000010000e+03 1.621810e+02
4.1000010000e+03 1.659587e+02
4.1000010000e+03 1.698244e+02
4.1000010000e+03 1.737801e+02
4.1000010000e+03 1.778279e+02
4.1000010000e+03 1.819701e+02
4.1000010000e+03 1.862087e+02
4.1000010000e+03 1.905461e+02
4.1000010000e+03 1.949845e+02
4.1000010000e+03 1.995262e+02
4.1000010000e+03 2.041738e+02
4.1000010000e+03 2.089296e+02
4.1000010000e+03 2.137962e+02
4.1000010000e+03 2.187762e+02
4.1000010000e+03 2.238721e+02
4.1000010000e+03 2.290868e+02
4.1000010000e+03 2.344229e+02
4.1000010000e+03 2.398833e+02
4.1000010000e+03 2.454709e+02
4.1000010000e+03 2.511886e+02
4.1000010000e+03 2.570396e+02
4.1000010000e+03 2.630268e+02
4.1000010000e+03 2.691535e+02
4.1000010000e+03 2.754229e+02
4.1000010000e+03 2.818383e+02
4.1000010000e+03 2.884032e+02
4.1000010000e+03 2.951209e+02
4.1000010000e+03 3.019952e+02
4.1000010000e+03 3.090295e+02
4.1000010000e+03 3.162278e+02
4.1000010000e+03 3.235937e+02
4.1000010000e+03 3.311311e+02
4.1000010000e+03 3.388442e+02
4.1000010000e+03 3.467369e+02
4.1000010000e+03 3.548134e+02
4.1000010000e+03 3.630781e+02
4.1000010000e+03 3.715352e+02
4.1000010000e+03 3.801894e+02
4.1000010000e+03 3.890451e+02
4.1000010000e+03 3.981072e+02
4.1000010000e+03 4.073803e+02
4.1000010000e+03 4.168694e+02
4.1000010000e+03 4.265795e+02
4.1000010000e+03 4.365158e+02
4.1000010000e+03 4.466836e+02
4.1000010000e+03 4.570882e+02
4.1000010000e+03 4.677351e+02
4.1000010000e+03 4.786301e+02
4.1000010000e+03 4.897788e+02
4.1000010000e+03 5.011872e+02
4.1000010000e+03 5.128614e+02
4.1000010000e+03 5.248075e+02
4.1000010000e+03 5.370318e+02
4.1000010000e+03 5.495409e+02
4.1000010000e+03 5.623413e+02
4.1000010000e+03 5.754399e+02
4.1000010000e+03 5.888437e+02
4.1000010000e+03 6.025596e+02
4.1000010000e+03 6.165950e+02
4.1000010000e+03 6.309573e+02
4.1000010000e+03 6.456542e+02
4.1000010000e+03 6.606934e+02
4.1000010000e+03 6.760830e+02
4.1000010000e+03 6.918310e+02
4.1000010000e+03 7.079458e+02
4.1000010000e+03 7.244360e+02
4.1000010000e+03 7.413102e+02
4.1000010000e+03 7.585776e+02
4.1000010000e+03 7.762471e+02
4.1000010000e+03 7.943282e+02
4.1000010000e+03 8.128305e+02
4.1000010000e+03 8.317638e+02
4.1000010000e+03 8.511380e+02
4.1000010000e+03 8.709636e+02
4.1000010000e+03 8.912509e+02
4.1000010000e+03 9.120108e+02
4.1000010000e+03 9.332543e+02
4.1000010000e+03 9.549926e+02
4.1000010000e+03 9.772372e+02
4.1000010000e+03 1.000000e+03
4.1000010000e+03 1.023293e+03
4.1000010000e+03 1.047129e+03
4.1000010000e+03 1.071519e+03
4.1000010000e+03 1.096478e+03
4.1000010000e+03 1.122018e+03
4.1000010000e+03 1.148154e+03
4.1000010000e+03 1.174898e+03
4.1000010000e+03 1.202264e+03
4.1000010000e+03 1.230269e+03
4.1000010000e+03 1.258925e+03
4.1000010000e+03 1.288250e+03
4.1000010000e+03 1.318257e+03
4.1000010000e+03 1.348963e+03
4.1000010000e+03 1.380384e+03
4.1000010000e+03 1.412538e+03
4.1000010000e+03 1.445440e+03
4.1000010000e+03 1.479108e+03
4.1000010000e+03 1.513561e+03
4.1000010000e+03 1.548817e+03
4.1000010000e+03 1.584893e+03
4.1000010000e+03 1.621810e+03
4.1000010000e+03 1.659587e+03
4.1000010000e+03 1.698244e+03
4.1000010000e+03 1.737801e+03
4.1000010000e+03 1.778279e+03
4.1000010000e+03 1.819701e+03
4.1000010000e+03 1.862087e+03
4.1000010000e+03 1.905461e+03
4.1000010000e+03 1.949845e+03
4.1000010000e+03 1.995262e+03
4.1000010000e+03 2.041738e+03
4.1000010000e+03 2.089296e+03
4.1000010000e+03 2.137962e+03
4.1000010000e+03 2.187762e+03
4.1000010000e+03 2.238721e+03
4.1000010000e+03 2.290868e+03
4.1000010000e+03 2.344229e+03
4.1000010000e+03 2.398833e+03
4.1000010000e+03 2.454709e+03
4.1000010000e+03 2.511886e+03
4.1000010000e+03 2.570396e+03
4.1000010000e+03 2.630268e+03
4.1000010000e+03 2.691535e+03
4.1000010000e+03 2.754229e+03
4.1000010000e+03 2.818383e+03
4.1000010000e+03 2.884032e+03
4.1000010000e+03 2.951209e+03
4.1000010000e+03 3.019952e+03
4.1000010000e+03 3.090295e+03
4.1000010000e+03 3.162278e+03
4.1000010000e+03 3.235937e+03
4.1000010000e+03 3.311311e+03
4.1000010000e+03 3.388442e+03
4.1000010000e+03 3.467369e+03
4.1000010000e+03 3.548134e+03
4.1000010000e+03 3.630781e+03
4.1000010000e+03 3.715352e+03
4.1000010000e+03 3.801894e+03
4.1000010000e+03 3.890451e+03
4.1000010000e+03 3.981072e+03
4.1000010000e+03 4.073803e+03
4.1000010000e+03 4.168694e+03
4.1000010000e+03 4.265795e+03
4.1000010000e+03 4.365158e+03
4.1000010000e+03 4.466836e+03
4.1000010000e+03 4.570882e+03
4.1000010000e+03 4.677351e+03
4.1000010000e+03 4.786301e+03
4.1000010000e+03 4.897788e+03
4.1000010000e+03 5.011872e+03
4.1000010000e+03 5.128614e+03
4.1000010000e+03 5.248075e+03
4.1000010000e+03 5.370318e+03
4.1000010000e+03 5.495409e+03
4.1000010000e+03 5.623413e+03
4.1000010000e+03 5.754399e+03
4.1000010000e+03 5.888437e+03
4.1000010000e+03 6.025596e+03
4.1000010000e+03 6.165950e+03
4.1000010000e+03 6.309573e+03
4.1000010000e+03 6.456542e+03
4.1000010000e+03 6.606934e+03
4.1000010000e+03 6.760830e+03
4.1000010000e+03 6.918310e+03
4.1000010000e+03 7.079458e+03
4.1000010000e+03 7.244360e+03
4.1000010000e+03 7.413102e+03
4.1000010000e+03 7.585776e+03
4.1000010000e+03 7.762471e+03
4.1000010000e+03 7.943282e+03
4.1000010000e+03 8.128305e+03
4.1000010000e+03 8.317638e+03
4.1000010000e+03 8.511380e+03
4.1000010000e+03 8.709636e+03
4.1000010000e+03 8.912509e+03
4.1000010000e+03 9.120108e+03
4.1000010000e+03 9.332543e+03
4.1000010000e+03 9.549926e+03
4.1000010000e+03 9.772372e+03
4.1000010000e+03 1.000000e+04
4.1000010000e+03 1.023293e+04
4.1000010000e+03 1.047129e+04
4.1000010000e+03 1.071519e+04
4.1000010000e+03 1.096478e+04
4.1000010000e+03 1.122018e+04
4.1000010000e+03 1.148154e+04
4.1000010000e+03 1.174898e+04
4.1000010000e+03 1.202264e+04
4.1000010000e+03 1.230269e+04
4.1000010000e+03 1.258925e+04
4.1000010000e+03 1.288250e+04
4.1000010000e+03 1.318257e+04
4.1000010000e+03 1.348963e+04
4.1000010000e+03 1.380384e+04
4.1000010000e+03 1.412538e+04
4.1000010000e+03 1.445440e+04
4.1000010000e+03 1.479108e+04
4.1000010000e+03 1.513561e+04
4.1000010000e+03 1.548817e+04
4.1000010000e+03 1.584893e+04
4.1000010000e+03 1.621810e+04
4.1000010000e+03 1.659587e+04
4.1000010000e+03 1.698244e+04
4.1000010000e+03 1.737801e+04
4.1000010000e+03 1.778279e+04
4.1000010000e+03 1.819701e+04
4.1000010000e+03 1.862087e+04
4.1000010000e+03 1.905461e+04
4.1000010000e+03 1.949845e+04
4.1000010000e+03 1.995262e+04
4.1000010000e+03 2.041738e+04
4.1000010000e+03 2.089296e+04
4.1000010000e+03 2.137962e+04
4.1000010000e+03 2.187762e+04
4.1000010000e+03 2.238721e+04
4.1000010000e+03 2.290868e+04
4.1000010000e+03 2.344229e+04
4.1000010000e+03 2.398833e+04
4.1000010000e+03 2.454709e+04
4.1000010000e+03 2.511886e+04
4.1000010000e+03 2.570396e+04
4.1000010000e+03 2.630268e+04
4.1000010000e+03 2.691535e+04
4.1000010000e+03 2.754229e+04
4.1000010000e+03 2.818383e+04
4.1000010000e+03 2.884032e+04
4.1000010000e+03 2.951209e+04
4.1000010000e+03 3.019952e+04
4.1000010000e+03 3.090295e+04
4.1000010000e+03 3.162278e+04
4.1000010000e+03 3.235937e+04
4.1000010000e+03 3.311311e+04
4.1000010000e+03 3.388442e+04
4.1000010000e+03 3.467369e+04
4.1000010000e+03 3.548134e+04
4.1000010000e+03 3.630781e+04
4.1000010000e+03 3.715352e+04
4.1000010000e+03 3.801894e+04
4.1000010000e+03 3.890451e+04
4.1000010000e+03 3.981072e+04
4.1000010000e+03 4.073803e+04
4.1000010000e+03 4.168694e+04
4.1000010000e+03 4.265795e+04
4.1000010000e+03 4.365158e+04
4.1000010000e+03 4.466836e+04
4.1000010000e+03 4.570882e+04
4.1000010000e+03 4.677351e+04
4.1000010000e+03 4.786301e+04
4.1000010000e+03 4.897788e+04
4.1000010000e+03 5.011872e+04
4.1000010000e+03 5.128614e+04
4.1000010000e+03 5.248075e+04
4.1000010000e+03 5.370318e+04
4.1000010000e+03 5.495409e+04
4.1000010000e+03 5.623413e+04
4.1000010000e+03 5.754399e+04
4.1000010000e+03 5.888437e+04
4.1000010003e+03 6.025596e+04
4.1000010335e+03 6.165950e+04
4.1000010667e+03 6.309573e+04
4.1000010999e+03 6.456542e+04
4.1000011332e+03 6.606934e+04
4.1000011664e+03 6.760830e+04
4.1000011996e+03 6.918310e+04
4.1000012328e+03 7.079458e+04
4.1000012660e+03 7.244360e+04
4.1000012993e+03 7.413102e+04
4.1000013325e+03 7.585776e+04
4.1000013657e+03 7.762471e+04
4.1000013989e+03 7.943282e+04
4.1000014321e+03 8.128305e+04
4.1000014654e+03 8.317638e+04
4.1000014986e+03 8.511380e+04
4.1000015318e+03 8.709636e+04
4.1000015650e+03 8.912509e+04
4.1000015982e+03 9.120108e+04
4.1000016315e+03 9.332543e+04
4.1000016647e+03 9.549926e+04
4.1000016979e+03 9.772372e+04
4.1000017311e+03 1.000000e+05
4.1000017643e+03 1.023293e+05
4.1000017976e+03 1.047129e+05
4.1000018308e+03 1.071519e+05
4.1000018640e+03 1.096478e+05
4.1000018972e+03 1.122018e+05
4.1000019304e+03 1.148154e+05
4.1000019636e+03 1.174898e+05
4.1000019969e+03 1.202264e+05
4.1000020514e+03 1.230269e+05
4.1000021082e+03 1.258925e+05
4.1000021650e+03 1.288250e+05
4.1000022218e+03 1.318257e+05
4.1000022786e+03 1.348963e+05
4.1000023354e+03 1.380384e+05
4.1000023922e+03 1.412538e+05
4.1000024490e+03 1.445440e+05
4.1000025057e+03 1.479108e+05
4.1000025625e+03 1.513561e+05
4.1000026193e+03 1.548817e+05
4.1000026761e+03 1.584893e+05
4.1000027329e+03 1.621810e+05
4.1000027897e+03 1.659587e+05
4.1000028465e+03 1.698244e+05
4.1000029033e+03 1.737801e+05
4.1000029601e+03 1.778279e+05
4.1000030237e+03 1.819701e+05
4.1000031038e+03 1.862087e+05
4.1000031838e+03 1.905461e+05
4.1000032639e+03 1.949845e+05
4.1000033439e+03 1.995262e+05
4.1000034239e+03 2.041738e+05
4.1000035040e+03 2.089296e+05
4.1000035840e+03 2.137962e+05
4.1000036640e+03 2.187762e+05
4.1000037441e+03 2.238721e+05
4.1000038241e+03 2.290868e+05
4.1000039042e+03 2.344229e+05
4.1000039842e+03 2.398833e+05
4.1000040828e+03 2.454709e+05
4.1000041860e+03 2.511886e+05
4.1000042892e+03 2.570396e+05
4.1000043924e+03 2.630268e+05
4.1000044956e+03 2.691535e+05
4.1000045988e+03 2.754229e+05
4.1000047020e+03 2.818383e+05
4.1000048051e+03 2.884032e+05
4.1000049083e+03 2.951209e+05
4.1000050141e+03 3.019952e+05
4.1000051404e+03 3.090295e+05
4.1000052667e+03 3.162278e+05
4.1000053930e+03 3.235937e+05
4.1000055193e+03 3.311311e+05
4.1000056456e+03 3.388442e+05
4.1000057718e+03 3.467369e+05
4.1000058981e+03 3.548134e+05
4.1000060289e+03 3.630781e+05
4.1000061783e+03 3.715352e+05
4.1000063276e+03 3.801894e+05
4.1000064770e+03 3.890451e+05
4.1000066264e+03 3.981072e+05
4.1000067758e+03 4.073803e+05
4.1000069251e+03 4.168694e+05
4.1000070860e+03 4.265795e+05
4.1000072584e+03 4.365158e+05
4.1000074309e+03 4.466836e+05
4.1000076033e+03 4.570882e+05
4.1000077758e+03 4.677351e+05
4.1000079482e+03 4.786301e+05
4.1000081368e+03 4.897788e+05
4.1000083323e+03 5.011872e+05
4.1000085277e+03 5.128614e+05
4.1000087232e+03 5.248075e+05
4.1000089187e+03 5.370318e+05
4.1000091277e+03 5.495409e+05
4.1000093462e+03 5.623413e+05
4.1000095648e+03 5.754399e+05
4.1000097833e+03 5.888437e+05
4.1000100021e+03 6.025596e+05
4.1000102436e+03 6.165950e+05
4.1000104852e+03 6.309573e+05
4.1000107268e+03 6.456542e+05
4.1000109684e+03 6.606934e+05
4.1000112300e+03 6.760830e+05
4.1000114947e+03 6.918310e+05
4.1000117593e+03 7.079458e+05
4.1000120260e+03 7.244360e+05
4.1000123137e+03 7.413102e+05
4.1000126013e+03 7.585776e+05
4.1000128890e+03 7.762471e+05
4.1000131908e+03 7.943282e+05
4.1000135015e+03 8.128305e+05
4.1000138122e+03 8.317638e+05
4.1000141321e+03 8.511380e+05
4.1000144658e+03 8.709636e+05
4.1000147995e+03 8.912509e+05
4.1000151425e+03 9.120108e+05
4.1000154992e+03 9.332543e+05
4.1000158560e+03 9.549926e+05
4.1000162265e+03 9.772372e+05
4.1000166063e+03 1.000000e+06
4.1000169861e+03 1.023293e+06
4.1000173881e+03 1.047129e+06
4.1000177910e+03 1.071519e+06
4.1000182049e+03 1.096478e+06
4.1000186308e+03 1.122018e+06
4.1000190597e+03 1.148154e+06
4.1000195086e+03 1.174898e+06
4.1000199575e+03 1.202264e+06
4.1000204273e+03 1.230269e+06
4.1000208992e+03 1.258925e+06
4.1000213893e+03 1.288250e+06
4.1000218842e+03 1.318257e+06
4.1000223968e+03 1.348963e+06
4.1000229148e+03 1.380384e+06
4.1000234520e+03 1.412538e+06
4.1000239931e+03 1.445440e+06
4.1000245568e+03 1.479108e+06
4.1000251258e+03 1.513561e+06
4.1000257129e+03 1.548817e+06
4.1000263117e+03 1.584893e+06
4.1000269218e+03 1.621810e+06
4.1000275520e+03 1.659587e+06
4.1000281919e+03 1.698244e+06
4.1000288481e+03 1.737801e+06
4.1000295219e+03 1.778279e+06
4.1000302079e+03 1.819701e+06
4.1000309101e+03 1.862087e+06
4.1000316324e+03 1.905461e+06
4.1000323690e+03 1.949845e+06
4.1000331209e+03 1.995262e+06
4.1000338922e+03 2.041738e+06
4.1000346833e+03 2.089296e+06
4.1000354915e+03 2.137962e+06
4.1000363176e+03 2.187762e+06
4.1000371623e+03 2.238721e+06
4.1000380264e+03 2.290868e+06
4.1000389128e+03 2.344229e+06
4.1000398200e+03 2.398833e+06
4.1000407479e+03 2.454709e+06
4.1000416972e+03 2.511886e+06
4.1000426684e+03 2.570396e+06
4.1000436622e+03 2.630268e+06
4.1000446790e+03 2.691535e+06
4.1000457194e+03 2.754229e+06
4.1000467839e+03 2.818383e+06
4.1000478729e+03 2.884032e+06
4.1000489869e+03 2.951209e+06
4.1000501290e+03 3.019952e+06
4.1000512975e+03 3.090295e+06
4.1000524926e+03 3.162278e+06
4.1000537148e+03 3.235937e+06
4.1000549643e+03 3.311311e+06
4.1000562459e+03 3.388442e+06
4.1000575565e+03 3.467369e+06
4.1000588957e+03 3.548134e+06
4.1000602683e+03 3.630781e+06
4.1000616723e+03 3.715352e+06
4.1000631077e+03 3.801894e+06
4.1000645787e+03 3.890451e+06
4.1000660815e+03 3.981072e+06
4.1000676219e+03 4.073803e+06
4.1000691963e+03 4.168694e+06
4.1000708080e+03 4.265795e+06
4.1000724579e+03 4.365158e+06
4.1000741447e+03 4.466836e+06
4.1000758716e+03 4.570882e+06
4.1000776396e+03 4.677351e+06
4.1000794480e+03 4.786301e+06
4.1000812982e+03 4.897788e+06
4.1000831914e+03 5.011872e+06
4.1000851289e+03 5.128614e+06
4.1000871116e+03 5.248075e+06
4.1000891407e+03 5.370318e+06
4.1000912172e+03 5.495409e+06
4.1000933422e+03 5.623413e+06
4.1000955164e+03 5.754399e+06
4.1000977408e+03 5.888437e+06
4.1001000165e+03 6.025596e+06
4.1001023471e+03 6.165950e+06
4.1001047308e+03 6.309573e+06
4.1001071699e+03 6.456542e+06
4.1001096664e+03 6.606934e+06
4.1001122205e+03 6.760830e+06
4.1001148342e+03 6.918310e+06
4.1001175093e+03 7.079458e+06
4.1001202460e+03 7.244360e+06
4.1001230462e+03 7.413102e+06
4.1001259123e+03 7.585776e+06
4.1001288452e+03 7.762471e+06
4.1001318463e+03 7.943282e+06
4.1001349170e+03 8.128305e+06
4.1001380593e+03 8.317638e+06
4.1001412755e+03 8.511380e+06
4.1001445662e+03 8.709636e+06
4.1001479327e+03 8.912509e+06
4.1001513789e+03 9.120108e+06
4.1001549042e+03 9.332543e+06
4.1001585127e+03 9.549926e+06
4.1001622044e+03 9.772372e+06
4.1001659820e+03 1.000000e+07
4.1001698483e+03 1.023293e+07
4.1001738044e+03 1.047129e+07
4.1001778524e+03 1.071519e+07
4.1001819945e+03 1.096478e+07
4.1001862339e+03 1.122018e+07
4.1001905717e+03 1.148154e+07
4.1001950097e+03 1.174898e+07
4.1001995524e+03 1.202264e+07
4.1002041999e+03 1.230269e+07
4.1002089557e+03 1.258925e+07
4.1002138228e+03 1.288250e+07
4.1002188030e+03 1.318257e+07
4.1002238990e+03 1.348963e+07
4.1002291138e+03 1.380384e+07
4.1002344504e+03 1.412538e+07
4.1002399106e+03 1.445440e+07
4.1002454987e+03 1.479108e+07
4.1002512164e+03 1.513561e+07
4.1002570672e+03 1.548817e+07
4.1002630545e+03 1.584893e+07
4.1002691814e+03 1.621810e+07
4.1002754510e+03 1.659587e+07
4.1002818661e+03 1.698244e+07
4.1002884312e+03 1.737801e+07
4.1002951486e+03 1.778279e+07
4.1003020226e+03 1.819701e+07
4.1003090569e+03 1.862087e+07
4.1003162551e+03 1.905461e+07
4.1003236208e+03 1.949845e+07
4.1003311579e+03 1.995262e+07
4.1003388705e+03 2.041738e+07
4.1003467629e+03 2.089296e+07
4.1003548390e+03 2.137962e+07
4.1003631031e+03 2.187762e+07
4.1003715599e+03 2.238721e+07
4.1003802133e+03 2.290868e+07
4.1003890683e+03 2.344229e+07
4.1003981296e+03 2.398833e+07
4.1004074020e+03 2.454709e+07
4.1004168900e+03 2.511886e+07
4.1004265993e+03 2.570396e+07
4.1004365345e+03 2.630268e+07
4.1004467009e+03 2.691535e+07
4.1004571041e+03 2.754229e+07
4.1004677497e+03 2.818383e+07
4.1004786431e+03 2.884032e+07
4.1004897901e+03 2.951209e+07
4.1005011967e+03 3.019952e+07
4.1005128689e+03 3.090295e+07
4.1005248129e+03 3.162278e+07
4.1005370348e+03 3.235937e+07
4.1005495417e+03 3.311311e+07
4.1005623395e+03 3.388442e+07
4.1005754354e+03 3.467369e+07
4.1005888360e+03 3.548134e+07
4.1006025489e+03 3.630781e+07
4.1006165809e+03 3.715352e+07
4.1006309395e+03 3.801894e+07
4.1006456326e+03 3.890451e+07
4.1006606677e+03 3.981072e+07
4.1006760528e+03 4.073803e+07
4.1006917962e+03 4.168694e+07
4.1007079060e+03 4.265795e+07
4.1007243910e+03 4.365158e+07
4.1007412597e+03 4.466836e+07
4.1007585211e+03 4.570882e+07
4.1007761843e+03 4.677351e+07
4.1007942588e+03 4.786301e+07
4.1008127540e+03 4.897788e+07
4.1008316798e+03 5.011872e+07
4.1008510461e+03 5.128614e+07
4.1008708633e+03 5.248075e+07
4.1008911417e+03 5.370318e+07
4.1009118922e+03 5.495409e+07
4.1009331257e+03 5.623413e+07
4.1009548535e+03 5.754399e+07
4.1009770870e+03 5.888437e+07
4.1009998381e+03 6.025596e+07
4.1010231187e+03 6.165950e+07
4.1010469411e+03 6.309573e+07
4.1010713181e+03 6.456542e+07
4.1010962624e+03 6.606934e+07
4.1011217873e+03 6.760830e+07
4.1011479061e+03 6.918310e+07
4.1011746330e+03 7.079458e+07
4.1012019817e+03 7.244360e+07
4.1012299670e+03 7.413102e+07
4.1012586037e+03 7.585776e+07
4.1012879066e+03 7.762471e+07
4.1013178915e+03 7.943282e+07
4.1013485742e+03 8.128305e+07
4.1013799707e+03 8.317638e+07
4.1014120980e+03 8.511380e+07
4.1014449727e+03 8.709636e+07
4.1014786125e+03 8.912509e+07
4.1015130349e+03 9.120108e+07
4.1015482583e+03 9.332543e+07
4.1015843012e+03 9.549926e+07
4.1016211827e+03 9.772372e+07
4.1016589222e+03 1.000000e+08
4.1016975398e+03 1.023293e+08
4.1017370556e+03 1.047129e+08
4.1017774909e+03 1.071519e+08
4.1018188667e+03 1.096478e+08
4.1018612050e+03 1.122018e+08
4.1019045282e+03 1.148154e+08
4.1019488591e+03 1.174898e+08
4.1019942211e+03 1.202264e+08
4.1020406382e+03 1.230269e+08
4.1020881348e+03 1.258925e+08
4.1021367362e+03 1.288250e+08
4.1021864678e+03 1.318257e+08
4.1022373559e+03 1.348963e+08
4.1022894275e+03 1.380384e+08
4.1023427099e+03 1.412538e+08
4.1023972313e+03 1.445440e+08
4.1024530204e+03 1.479108e+08
4.1025101068e+03 1.513561e+08
4.1025685204e+03 1.548817e+08
4.1026282921e+03 1.584893e+08
4.1026894533e+03 1.621810e+08
4.1027520363e+03 1.659587e+08
4.1028160742e+03 1.698244e+08
4.1028816007e+03 1.737801e+08
4.1029486503e+03 1.778279e+08
4.1030172582e+03 1.819701e+08
4.1030874608e+03 1.862087e+08
4.1031592948e+03 1.905461e+08
4.1032327982e+03 1.949845e+08
4.1033080097e+03 1.995262e+08
4.1033849689e+03 2.041738e+08
4.1034637163e+03 2.089296e+08
4.1035442932e+03 2.137962e+08
4.1036267422e+03 2.187762e+08
4.1037111066e+03 2.238721e+08
4.1037974308e+03 2.290868e+08
4.1038857601e+03 2.344229e+08
4.1039761410e+03 2.398833e+08
4.1040686211e+03 2.454709e+08
4.1041632490e+03 2.511886e+08
4.1042600742e+03 2.570396e+08
4.1043591479e+03 2.630268e+08
4.1044605219e+03 2.691535e+08
4.1045642495e+03 2.754229e+08
4.1046703852e+03 2.818383e+08
4.1047789847e+03 2.884032e+08
4.1048901049e+03 2.951209e+08
4.1050038043e+03 3.019952e+08
4.1051201424e+03 3.090295e+08
4.1052391803e+03 3.162278e+08
4.1053609803e+03 3.235937e+08
4.1054856063e+03 3.311311e+08
4.1056131236e+03 3.388442e+08
4.1057435990e+03 3.467369e+08
4.1058771008e+03 3.548134e+08
4.1060136990e+03 3.630781e+08
4.1061534650e+03 3.715352e+08
4.1062964720e+03 3.801894e+08
4.1064427948e+03 3.890451e+08
4.1065925099e+03 3.981072e+08
4.1067456955e+03 4.073803e+08
4.1069024318e+03 4.168694e+08
4.1070628006e+03 4.265795e+08
4.1072268856e+03 4.365158e+08
4.1073947726e+03 4.466836e+08
4.1075665491e+03 4.570882e+08
4.1077423047e+03 4.677351e+08
4.1079221312e+03 4.786301e+08
4.1081061222e+03 4.897788e+08
4.1082943737e+03 5.011872e+08
4.1084869837e+03 5.128614e+08
4.1086840524e+03 5.248075e+08
4.1088856825e+03 5.370318e+08
4.1090919789e+03 5.495409e+08
4.1093030487e+03 5.623413e+08
4.1095190018e+03 5.754399e+08
4.1097399503e+03 5.888437e+08
4.1099660089e+03 6.025596e+08
4.1102044804e+03 6.165950e+08
4.1104445408e+03 6.309573e+08
4.1106846012e+03 6.456542e+08
4.1109246617e+03 6.606934e+08
4.1111844847e+03 6.760830e+08
4.1114461834e+03 6.918310e+08
4.1117078822e+03 7.079458e+08
4.1119759789e+03 7.244360e+08
4.1122593042e+03 7.413102e+08
4.1125426295e+03 7.585776e+08
4.1128259548e+03 7.762471e+08
4.1131298950e+03 7.943282e+08
4.1134348356e+03 8.128305e+08
4.1137397762e+03 8.317638e+08
4.1140630327e+03 8.511380e+08
4.1143895776e+03 8.709636e+08
4.1147161226e+03 8.912509e+08
4.1150631097e+03 9.120108e+08
4.1154112484e+03 9.332543e+08
4.1157642407e+03 9.549926e+08
4.1161339626e+03 9.772372e+08
4.1165036844e+03 1.000000e+09
4.1168876744e+03 1.023293e+09
4.1172789692e+03 1.047129e+09
4.1176754103e+03 1.071519e+09
4.1180882678e+03 1.096478e+09
4.1185011254e+03 1.122018e+09
4.1189342845e+03 1.148154e+09
4.1193686947e+03 1.174898e+09
4.1198194490e+03 1.202264e+09
4.1202754019e+03 1.230269e+09
4.1207459560e+03 1.258925e+09
4.1212234417e+03 1.288250e+09
4.1217157969e+03 1.318257e+09
4.1222148056e+03 1.348963e+09
4.1227307864e+03 1.380384e+09
4.1232513083e+03 1.412538e+09
4.1237925843e+03 1.445440e+09
4.1243391951e+03 1.479108e+09
4.1249027144e+03 1.513561e+09
4.1254775763e+03 1.548817e+09
4.1260625797e+03 1.584893e+09
4.1266669981e+03 1.621810e+09
4.1272807177e+03 1.659587e+09
4.1279086608e+03 1.698244e+09
4.1285542800e+03 1.737801e+09
4.1292113992e+03 1.778279e+09
4.1298822438e+03 1.819701e+09
4.1305732950e+03 1.862087e+09
4.1312777643e+03 1.905461e+09
4.1319965261e+03 1.949845e+09
4.1327316521e+03 1.995262e+09
4.1334869365e+03 2.041738e+09
4.1342580996e+03 2.089296e+09
4.1350458710e+03 2.137962e+09
4.1358509398e+03 2.187762e+09
4.1366739577e+03 2.238721e+09
4.1375160317e+03 2.290868e+09
4.1383789776e+03 2.344229e+09
4.1392610659e+03 2.398833e+09
4.1401628523e+03 2.454709e+09
4.1410848652e+03 2.511886e+09
4.1420276073e+03 2.570396e+09
4.1429915575e+03 2.630268e+09
4.1439771725e+03 2.691535e+09
4.1449848882e+03 2.754229e+09
4.1460151210e+03 2.818383e+09
4.1470682690e+03 2.884032e+09
4.1481470113e+03 2.951209e+09
4.1492498759e+03 3.019952e+09
4.1503770960e+03 3.090295e+09
4.1515289934e+03 3.162278e+09
4.1527058776e+03 3.235937e+09
4.1539105999e+03 3.311311e+09
4.1551429842e+03 3.388442e+09
4.1564014869e+03 3.467369e+09
4.1576879369e+03 3.548134e+09
4.1590051259e+03 3.630781e+09
4.1603494085e+03 3.715352e+09
4.1617256133e+03 3.801894e+09
4.1631313442e+03 3.890451e+09
4.1645689511e+03 3.981072e+09
4.1660379756e+03 4.073803e+09
4.1675405783e+03 4.168694e+09
4.1690745707e+03 4.265795e+09
4.1706454423e+03 4.365158e+09
4.1722494753e+03 4.466836e+09
4.1738880590e+03 4.570882e+09
4.1755652235e+03 4.677351e+09
4.1772785951e+03 4.786301e+09
4.1790292864e+03 4.897788e+09
4.1808183522e+03 5.011872e+09
4.1826467944e+03 5.128614e+09
4.1845155649e+03 5.248075e+09
4.1864255693e+03 5.370318e+09
4.1883776700e+03 5.495409e+09
4.1903726888e+03 5.623413e+09
4.1924114096e+03 5.754399e+09
4.1944945808e+03 5.888437e+09
4.1966229173e+03 6.025596e+09
4.1987971025e+03 6.165950e+09
4.2010189435e+03 6.309573e+09
4.2032897771e+03 6.456542e+09
4.2056086460e+03 6.606934e+09
4.2079787775e+03 6.760830e+09
4.2103994307e+03 6.918310e+09
4.2128729468e+03 7.079458e+09
4.2153986427e+03 7.244360e+09
4.2179802985e+03 7.413102e+09
4.2206165619e+03 7.585776e+09
4.2233089359e+03 7.762471e+09
4.2260592891e+03 7.943282e+09
4.2288688822e+03 8.128305e+09
4.2317382061e+03 8.317638e+09
4.2346685046e+03 8.511380e+09
4.2376609615e+03 8.709636e+09
4.2407167040e+03 8.912509e+09
4.2438378854e+03 9.120108e+09
4.2470249651e+03 9.332543e+09
4.2502787471e+03 9.549926e+09
4.2536010429e+03 9.772372e+09
4.2569936248e+03 1.000000e+10
4.2604566651e+03 1.023293e+10
4.2639926689e+03 1.047129e+10
4.2676024369e+03 1.071519e+10
4.2712869563e+03 1.096478e+10
4.2750479790e+03 1.122018e+10
4.2788875756e+03 1.148154e+10
4.2828064040e+03 1.174898e+10
4.2868059536e+03 1.202264e+10
4.2908879036e+03 1.230269e+10
4.2950540858e+03 1.258925e+10
4.2993053822e+03 1.288250e+10
4.3036430045e+03 1.318257e+10
4.3080699259e+03 1.348963e+10
4.3125859774e+03 1.380384e+10
4.3171945015e+03 1.412538e+10
4.3218957439e+03 1.445440e+10
4.3266916612e+03 1.479108e+10
4.3315841115e+03 1.513561e+10
4.3365748601e+03 1.548817e+10
4.3416655857e+03 1.584893e+10
4.3468578858e+03 1.621810e+10
4.3521532816e+03 1.659587e+10
4.3575532583e+03 1.698244e+10
4.3630608466e+03 1.737801e+10
4.3686762505e+03 1.778279e+10
4.3744024941e+03 1.819701e+10
4.3802408492e+03 1.862087e+10
4.3861931032e+03 1.905461e+10
4.3922612227e+03 1.949845e+10
4.3984470781e+03 1.995262e+10
4.4047524490e+03 2.041738e+10
4.4111794230e+03 2.089296e+10
4.4177301414e+03 2.137962e+10
4.4244058920e+03 2.187762e+10
4.4312092782e+03 2.238721e+10
4.4381420841e+03 2.290868e+10
4.4452061420e+03 2.344229e+10
4.4524035602e+03 2.398833e+10
4.4597363442e+03 2.454709e+10
4.4672064033e+03 2.511886e+10
4.4748164098e+03 2.570396e+10
4.4825676684e+03 2.630268e+10
4.4904628861e+03 2.691535e+10
4.4985036770e+03 2.754229e+10
4.5066923868e+03 2.818383e+10
4.5150312473e+03 2.884032e+10
4.5235223826e+03 2.951209e+10
4.5321678166e+03 3.019952e+10
4.5409696300e+03 3.090295e+10
4.5499305725e+03 3.162278e+10
4.5590522871e+03 3.235937e+10
4.5683371233e+03 3.311311e+10
4.5777874621e+03 3.388442e+10
4.5874055717e+03 3.467369e+10
4.5971936143e+03 3.548134e+10
4.6071536531e+03 3.630781e+10
4.6172885238e+03 3.715352e+10
4.6275999214e+03 3.801894e+10
4.6380904697e+03 3.890451e+10
4.6487625659e+03 3.981072e+10
4.6596184554e+03 4.073803e+10
4.6706605672e+03 4.168694e+10
4.6818909605e+03 4.265795e+10
4.6933123219e+03 4.365158e+10
4.7049267307e+03 4.466836e+10
4.7167367865e+03 4.570882e+10
4.7287449672e+03 4.677351e+10
4.7409536490e+03 4.786301e+10
4.7533651007e+03 4.897788e+10
4.7659816605e+03 5.011872e+10
4.7788061008e+03 5.128614e+10
4.7918406842e+03 5.248075e+10
4.8050878319e+03 5.370318e+10
4.8185500202e+03 5.495409e+10
4.8322297068e+03 5.623413e+10
4.8461296701e+03 5.754399e+10
4.8602519575e+03 5.888437e+10
4.8745992845e+03 6.025596e+10
4.8891742679e+03 6.165950e+10
4.9039793131e+03 6.309573e+10
4.9190170757e+03 6.456542e+10
4.9342898210e+03 6.606934e+10
4.9498003979e+03 6.760830e+10
4.9655511338e+03 6.918310e+10
4.9815447295e+03 7.079458e+10
4.9977837844e+03 7.244360e+10
5.0142708038e+03 7.413102e+10
5.0310083630e+03 7.585776e+10
5.0479992331e+03 7.762471e+10
5.0652459372e+03 7.943282e+10
5.0827510613e+03 8.128305e+10
5.1005172562e+03 8.317638e+10
5.1185471407e+03 8.511380e+10
5.1368436324e+03 8.709636e+10
5.1554090504e+03 8.912509e+10
5.1742462150e+03 9.120108e+10
5.1933579108e+03 9.332543e+10
5.2127468365e+03 9.549926e+10
5.2324156105e+03 9.772372e+10
5.2523669138e+03 1.000000e+11
5.2726036590e+03 1.023293e+11
5.2931285511e+03 1.047129e+11
5.3139442935e+03 1.071519e+11
5.3350536503e+03 1.096478e+11
5.3564596672e+03 1.122018e+11
5.3781648033e+03 1.148154e+11
5.4001722197e+03 1.174898e+11
5.4224845444e+03 1.202264e+11
5.4451046867e+03 1.230269e+11
5.4680354876e+03 1.258925e+11
5.4912800193e+03 1.288250e+11
5.5148409531e+03 1.318257e+11
5.5387214672e+03 1.348963e+11
5.5629243299e+03 1.380384e+11
5.5874525406e+03 1.412538e+11
5.6123090402e+03 1.445440e+11
5.6374971059e+03 1.479108e+11
5.6630193802e+03 1.513561e+11
5.6888792159e+03 1.548817e+11
5.7150795563e+03 1.584893e+11
5.7416234626e+03 1.621810e+11
5.7685141887e+03 1.659587e+11
5.7957547646e+03 1.698244e+11
5.8233483646e+03 1.737801e+11
5.8512981510e+03 1.778279e+11
5.8796074258e+03 1.819701e+11
5.9082794474e+03 1.862087e+11
5.9373174340e+03 1.905461e+11
5.9667245671e+03 1.949845e+11
5.9965044458e+03 1.995262e+11
6.0266601855e+03 2.041738e+11
6.0571952561e+03 2.089296e+11
6.0881130930e+03 2.137962e+11
6.1194171007e+03 2.187762e+11
6.1511107475e+03 2.238721e+11
6.1831976609e+03 2.290868e+11
6.2156812826e+03 2.344229e+11
6.2485651917e+03 2.398833e+11
6.2818530339e+03 2.454709e+11
6.3155484327e+03 2.511886e+11
6.3496550559e+03 2.570396e+11
6.3841767753e+03 2.630268e+11
6.4191171819e+03 2.691535e+11
6.4544801192e+03 2.754229e+11
6.4902694779e+03 2.818383e+11
6.5264891354e+03 2.884032e+11
6.5631429587e+03 2.951209e+11
6.6002349361e+03 3.019952e+11
6.6377691200e+03 3.090295e+11
6.6757495641e+03 3.162278e+11
6.7141803126e+03 3.235937e+11
6.7530655352e+03 3.311311e+11
6.7924093995e+03 3.388442e+11
6.8322162165e+03 3.467369e+11
6.8724902479e+03 3.548134e+11
6.9132358232e+03 3.630781e+11
6.9544572944e+03 3.715352e+11
6.9961591614e+03 3.801894e+11
7.0383459311e+03 3.890451e+11
7.0810221190e+03 3.981072e+11
7.1241922523e+03 4.073803e+11
7.1678612112e+03 4.168694e+11
7.2120334679e+03 4.265795e+11
7.2567139066e+03 4.365158e+11
7.3019074174e+03 4.466836e+11
7.3476188280e+03 4.570882e+11
7.3938531674e+03 4.677351e+11
7.4406153456e+03 4.786301e+11
7.4879104688e+03 4.897788e+11
7.5357437305e+03 5.011872e+11
7.5841203723e+03 5.128614e+11
7.6330456030e+03 5.248075e+11
7.6825247948e+03 5.370318e+11
7.7325633512e+03 5.495409e+11
7.7831668126e+03 5.623413e+11
7.8343407706e+03 5.754399e+11
7.8860907473e+03 5.888437e+11
7.9384225201e+03 6.025596e+11
7.9913419527e+03 6.165950e+11
8.0448548122e+03 6.309573e+11
8.0989670514e+03 6.456542e+11
8.1536847553e+03 6.606934e+11
8.2090140604e+03 6.760830e+11
8.2649609755e+03 6.918310e+11
8.3215320869e+03 7.079458e+11
8.3787335140e+03 7.244360e+11
8.4365717821e+03 7.413102e+11
8.4950534739e+03 7.585776e+11
8.5541852305e+03 7.762471e+11
8.6139737542e+03 7.943282e+11
8.6744258100e+03 8.128305e+11
8.7355485792e+03 8.317638e+11
8.7973487777e+03 8.511380e+11
8.8598337550e+03 8.709636e+11
8.9230106831e+03 8.912509e+11
8.9868868663e+03 9.120108e+11
9.0514697579e+03 9.332543e+11
9.1167668898e+03 9.549926e+11
9.1827861168e+03 9.772372e+11
9.2495349870e+03 1.000000e+12
9.3170215377e+03 1.023293e+12
9.3852536572e+03 1.047129e+12
9.4542396810e+03 1.071519e+12
9.5239877572e+03 1.096478e+12
9.5945062655e+03 1.122018e+12
9.6658037162e+03 1.148154e+12
9.7378888972e+03 1.174898e+12
9.8107704658e+03 1.202264e+12
9.8844573018e+03 1.230269e+12
9.9589586379e+03 1.258925e+12
1.0034283569e+04 1.288250e+12
1.0110441436e+04 1.318257e+12
1.0187441785e+04 1.348963e+12
1.0265294288e+04 1.380384e+12
1.0344008741e+04 1.412538e+12
1.0423595073e+04 1.445440e+12
1.0504063467e+04 1.479108e+12
1.0585424279e+04 1.513561e+12
1.0667687884e+04 1.548817e+12
1.0750864908e+04 1.584893e+12
1.0834966368e+04 1.621810e+12
1.0920003128e+04 1.659587e+12
1.1005986389e+04 1.698244e+12
1.1092927562e+04 1.737801e+12
1.1180838350e+04 1.778279e+12
1.1269730362e+04 1.819701e+12
1.1359615672e+04 1.862087e+12
1.1450506495e+04 1.905461e+12
1.1542415315e+04 1.949845e+12
1.1635354675e+04 1.995262e+12
1.1729337500e+04 2.041738e+12
1.1824376919e+04 2.089296e+12
1.1920486272e+04 2.137962e+12
1.2017679112e+04 2.187762e+12
1.2115969361e+04 2.238721e+12
1.2215371161e+04 2.290868e+12
1.2315898779e+04 2.344229e+12
1.2417566889e+04 2.398833e+12
1.2520390589e+04 2.454709e+12
1.2624384942e+04 2.511886e+12
1.2729565496e+04 2.570396e+12
1.2835948074e+04 2.630268e+12
1.2943548887e+04 2.691535e+12
1.3052384456e+04 2.754229e+12
1.3162471344e+04 2.818383e+12
1.3273827072e+04 2.884032e+12
1.3386468822e+04 2.951209e+12
1.3500414565e+04 3.019952e+12
1.3615682640e+04 3.090295e+12
1.3732291648e+04 3.162278e+12
1.3850260694e+04 3.235937e+12
1.3969609165e+04 3.311311e+12
1.4090356859e+04 3.388442e+12
1.4212524277e+04 3.467369e+12
1.4336132053e+04 3.548134e+12
1.4461201675e+04 3.630781e+12
1.4587754692e+04 3.715352e+12
1.4715813420e+04 3.801894e+12
1.4845400661e+04 3.890451e+12
1.4976539713e+04 3.981072e+12
1.5109254402e+04 4.073803e+12
1.5243569526e+04 4.168694e+12
1.5379509667e+04 4.265795e+12
1.5517101040e+04 4.365158e+12
1.5656369661e+04 4.466836e+12
1.5797342639e+04 4.570882e+12
1.5940047743e+04 4.677351e+12
1.6084513418e+04 4.786301e+12
1.6230768816e+04 4.897788e+12
1.6378844305e+04 5.011872e+12
1.6528770227e+04 5.128614e+12
1.6680578817e+04 5.248075e+12
1.6834302326e+04 5.370318e+12
1.6989974375e+04 5.495409e+12
1.7147629496e+04 5.623413e+12
1.7307303172e+04 5.754399e+12
1.7469032219e+04 5.888437e+12
1.7632854146e+04 6.025596e+12
1.7798808024e+04 6.165950e+12
1.7966933803e+04 6.309573e+12
1.8137272989e+04 6.456542e+12
1.8309868354e+04 6.606934e+12
1.8484763987e+04 6.760830e+12
1.8662005592e+04 6.918310e+12
1.8841640481e+04 7.079458e+12
1.9023717486e+04 7.244360e+12
1.9208287149e+04 7.413102e+12
1.9395401965e+04 7.585776e+12
1.9585116243e+04 7.762471e+12
1.9777486634e+04 7.943282e+12
1.9972571436e+04 8.128305e+12
2.0170431895e+04 8.317638e+12
2.0371131038e+04 8.511380e+12
2.0574734762e+04 8.709636e+12
2.0781312024e+04 8.912509e+12
2.0990933953e+04 9.120108e+12
2.1203675641e+04 9.332543e+12
2.1419614770e+04 9.549926e+12
2.1638832857e+04 9.772372e+12
2.1861415595e+04 1.000000e+13
2.2087451804e+04 1.023293e+13
2.2317035712e+04 1.047129e+13
2.2550265590e+04 1.071519e+13
2.2787244991e+04 1.096478e+13
2.3028082448e+04 1.122018e+13
2.3272893049e+04 1.148154e+13
2.3521798052e+04 1.174898e+13
2.3774925162e+04 1.202264e+13
2.4032410162e+04 1.230269e+13
2.4294396554e+04 1.258925e+13
2.4561036860e+04 1.288250e+13
2.4832493942e+04 1.318257e+13
2.5109736512e+04 1.348963e+13
2.5371804513e+04 1.380384e+13
2.5637008479e+04 1.412538e+13
2.5905394069e+04 1.445440e+13
2.6177007705e+04 1.479108e+13
2.6451896581e+04 1.513561e+13
2.6730108675e+04 1.548817e+13
2.7011692754e+04 1.584893e+13
2.7296698387e+04 1.621810e+13
2.7585175953e+04 1.659587e+13
2.7877176649e+04 1.698244e+13
2.8172752500e+04 1.737801e+13
2.8471956366e+04 1.778279e+13
2.8774841956e+04 1.819701e+13
2.9081463827e+04 1.862087e+13
2.9391877404e+04 1.905461e+13
2.9706138980e+04 1.949845e+13
3.0024305725e+04 1.995262e+13
3.0346435700e+04 2.041738e+13
3.0672587859e+04 2.089296e+13
3.1002822057e+04 2.137962e+13
3.1337199063e+04 2.187762e+13
3.1675780560e+04 2.238721e+13
3.2018629160e+04 2.290868e+13
3.2365808403e+04 2.344229e+13
3.2717382771e+04 2.398833e+13
3.3073417689e+04 2.454709e+13
3.3433979537e+04 2.511886e+13
3.3799135650e+04 2.570396e+13
3.4168954329e+04 2.630268e+13
3.4543504844e+04 2.691535e+13
3.4922857440e+04 2.754229e+13
3.5307083341e+04 2.818383e+13
3.5696254758e+04 2.884032e+13
3.6090444890e+04 2.951209e+13
3.6489727929e+04 3.019952e+13
3.6894179067e+04 3.090295e+13
3.7303874495e+04 3.162278e+13
3.7718891408e+04 3.235937e+13
3.8139308008e+04 3.311311e+13
3.8565203508e+04 3.388442e+13
3.8996658131e+04 3.467369e+13
3.9433753114e+04 3.548134e+13
3.9876570707e+04 3.630781e+13
4.0325194178e+04 3.715352e+13
4.0779707808e+04 3.801894e+13
4.1240196896e+04 3.890451e+13
4.1706747755e+04 3.981072e+13
4.2179447714e+04 4.073803e+13
4.2658385114e+04 4.168694e+13
4.3143649309e+04 4.265795e+13
4.3635330659e+04 4.365158e+13
4.4133520535e+04 4.466836e+13
4.4638311307e+04 4.570882e+13
4.5149796347e+04 4.677351e+13
4.5668070022e+04 4.786301e+13
4.6193227688e+04 4.897788e+13
4.6725365688e+04 5.011872e+13
4.7264581344e+04 5.128614e+13
4.7810972949e+04 5.248075e+13
4.8364639766e+04 5.370318e+13
4.8925682014e+04 5.495409e+13
4.9494200864e+04 5.623413e+13
5.0070298428e+04 5.754399e+13
5.0654077755e+04 5.888437e+13
5.1245642815e+04 6.025596e+13
5.1845098494e+04 6.165950e+13
5.2452550579e+04 6.309573e+13
5.3068105752e+04 6.456542e+13
5.3691871574e+04 6.606934e+13
5.4323956477e+04 6.760830e+13
5.4964469747e+04 6.918310e+13
5.5613521513e+04 7.079458e+13
5.6271222736e+04 7.244360e+13
5.6937685191e+04 7.413102e+13
5.7613021453e+04 7.585776e+13
5.8297344884e+04 7.762471e+13
5.8990769619e+04 7.943282e+13
5.9693410545e+04 8.128305e+13
6.0405383290e+04 8.317638e+13
6.1126804204e+04 8.511380e+13
6.1857790343e+04 8.709636e+13
6.2598459452e+04 8.912509e+13
6.3348929947e+04 9.120108e+13
6.4109320897e+04 9.332543e+13
6.4879752008e+04 9.549926e+13
6.5660343605e+04 9.772372e+13
6.6451216610e+04 1.000000e+14
6.7252492529e+04 1.023293e+14
6.8064293428e+04 1.047129e+14
6.8886741920e+04 1.071519e+14
6.9719961142e+04 1.096478e+14
7.0564074741e+04 1.122018e+14
7.1419206851e+04 1.148154e+14
7.2285482078e+04 1.174898e+14
7.3163025480e+04 1.202264e+14
7.4051962551e+04 1.230269e+14
7.4952419201e+04 1.258925e+14
7.5864521741e+04 1.288250e+14
7.6788396864e+04 1.318257e+14
7.7724171633e+04 1.348963e+14
7.8671973456e+04 1.380384e+14
7.9631930082e+04 1.412538e+14
8.0604169574e+04 1.445440e+14
8.1588820306e+04 1.479108e+14
8.2586010941e+04 1.513561e+14
8.3595870422e+04 1.548817e+14
8.4618527961e+04 1.584893e+14
8.5654113023e+04 1.621810e+14
8.6702755321e+04 1.659587e+14
8.7764584804e+04 1.698244e+14
8.8839731650e+04 1.737801e+14
8.9928326257e+04 1.778279e+14
9.1030499240e+04 1.819701e+14
9.2146381423e+04 1.862087e+14
9.3276103839e+04 1.905461e+14
9.4419797726e+04 1.949845e+14
9.5577594527e+04 1.995262e+14
9.6749625890e+04 2.041738e+14
9.7936023671e+04 2.089296e+14
9.9136919938e+04 2.137962e+14
1.0035244698e+05 2.187762e+14
1.0158273730e+05 2.238721e+14
1.0282792366e+05 2.290868e+14
1.0408813903e+05 2.344229e+14
1.0536351667e+05 2.398833e+14
1.0665419010e+05 2.454709e+14
1.0796029313e+05 2.511886e+14
1.0928195986e+05 2.570396e+14
1.1061932476e+05 2.630268e+14
1.1197252261e+05 2.691535e+14
1.1334168859e+05 2.754229e+14
1.1472695826e+05 2.818383e+14
1.1612846764e+05 2.884032e+14
1.1754635319e+05 2.951209e+14
1.1898075188e+05 3.019952e+14
1.2043180121e+05 3.090295e+14
1.2189963924e+05 3.162278e+14
1.2338440465e+05 3.235937e+14
1.2488623678e+05 3.311311e+14
1.2640527566e+05 3.388442e+14
1.2794166208e+05 3.467369e+14
1.2949553761e+05 3.548134e+14
1.3106704468e+05 3.630781e+14
1.3265632662e+05 3.715352e+14
1.3426352774e+05 3.801894e+14
1.3588879334e+05 3.890451e+14
1.3753226983e+05 3.981072e+14
1.3919410476e+05 4.073803e+14
1.4087444690e+05 4.168694e+14
1.4257344630e+05 4.265795e+14
1.4429125436e+05 4.365158e+14
1.4602802393e+05 4.466836e+14
1.4778390936e+05 4.570882e+14
1.4955906659e+05 4.677351e+14
1.5135365323e+05 4.786301e+14
1.5316782863e+05 4.897788e+14
1.5500175400e+05 5.011872e+14
1.5685559248e+05 5.128614e+14
1.5872950920e+05 5.248075e+14
1.6062367143e+05 5.370318e+14
1.6253824865e+05 5.495409e+14
1.6447341263e+05 5.623413e+14
1.6642933755e+05 5.754399e+14
1.6840620011e+05 5.888437e+14
1.7040417961e+05 6.025596e+14
1.7242345808e+05 6.165950e+14
1.7446422037e+05 6.309573e+14
1.7652665427e+05 6.456542e+14
1.7861095063e+05 6.606934e+14
1.8071730346e+05 6.760830e+14
1.8284591005e+05 6.918310e+14
1.8499697109e+05 7.079458e+14
1.8717069082e+05 7.244360e+14
1.8936727709e+05 7.413102e+14
1.9158694153e+05 7.585776e+14
1.9382989969e+05 7.762471e+14
1.9609637111e+05 7.943282e+14
1.9838657951e+05 8.128305e+14
2.0070075289e+05 8.317638e+14
2.0303912365e+05 8.511380e+14
2.0540192877e+05 8.709636e+14
2.0778940992e+05 8.912509e+14
2.1020181357e+05 9.120108e+14
2.1263939119e+05 9.332543e+14
2.1510239933e+05 9.549926e+14
2.1759109983e+05 9.772372e+14
2.2010575990e+05 1.000000e+15
2.2264665228e+05 1.023293e+15
2.2521405542e+05 1.047129e+15
2.2780825359e+05 1.071519e+15
2.3042953707e+05 1.096478e+15
2.3307820224e+05 1.122018e+15
2.3575455178e+05 1.148154e+15
2.3845889482e+05 1.174898e+15
2.4119154707e+05 1.202264e+15
2.4395283098e+05 1.230269e+15
2.4674307592e+05 1.258925e+15
2.4956261831e+05 1.288250e+15
2.5241180177e+05 1.318257e+15
2.5529097732e+05 1.348963e+15
2.5820050350e+05 1.380384e+15
2.6114074652e+05 1.412538e+15
2.6411208048e+05 1.445440e+15
2.6711488747e+05 1.479108e+15
2.7014955774e+05 1.513561e+15
2.7321648991e+05 1.548817e+15
2.7631609105e+05 1.584893e+15
2.7944877693e+05 1.621810e+15
2.8261497212e+05 1.659587e+15
2.8581511016e+05 1.698244e+15
2.8904963377e+05 1.737801e+15
2.9231899494e+05 1.778279e+15
2.9562365515e+05 1.819701e+15
2.9896408552e+05 1.862087e+15
3.0234076695e+05 1.905461e+15
3.0575419031e+05 1.949845e+15
3.0920485658e+05 1.995262e+15
3.1269327703e+05 2.041738e+15
3.1621997337e+05 2.089296e+15
3.1978547792e+05 2.137962e+15
3.2339033374e+05 2.187762e+15
3.2703509485e+05 2.238721e+15
3.3072032633e+05 2.290868e+15
3.3444660451e+05 2.344229e+15
3.3821451711e+05 2.398833e+15
3.4202466342e+05 2.454709e+15
3.4587765444e+05 2.511886e+15
3.4977411302e+05 2.570396e+15
3.5371467406e+05 2.630268e+15
3.5769998460e+05 2.691535e+15
3.6173070404e+05 2.754229e+15
3.6580750423e+05 2.818383e+15
3.6993106967e+05 2.884032e+15
3.7410209761e+05 2.951209e+15
3.7832129824e+05 3.019952e+15
3.8258939482e+05 3.090295e+15
3.8690712381e+05 3.162278e+15
3.9127523503e+05 3.235937e+15
3.9569449180e+05 3.311311e+15
4.0016567108e+05 3.388442e+15
4.0468956360e+05 3.467369e+15
4.0926697401e+05 3.548134e+15
4.1389872102e+05 3.630781e+15
4.1858563750e+05 3.715352e+15
4.2332857067e+05 3.801894e+15
4.2812838217e+05 3.890451e+15
4.3298594825e+05 3.981072e+15
4.3790215986e+05 4.073803e+15
4.4287792277e+05 4.168694e+15
4.4791415775e+05 4.265795e+15
4.5301180062e+05 4.365158e+15
4.5817180245e+05 4.466836e+15
4.6339512963e+05 4.570882e+15
4.6868276399e+05 4.677351e+15
4.7403570298e+05 4.786301e+15
4.7945495970e+05 4.897788e+15
4.8494156309e+05 5.011872e+15
4.9049655802e+05 5.128614e+15
4.9612100541e+05 5.248075e+15
5.0181598233e+05 5.370318e+15
5.0758258213e+05 5.495409e+15
5.1342191457e+05 5.623413e+15
5.1933510589e+05 5.754399e+15
5.2532329895e+05 5.888437e+15
5.3138765336e+05 6.025596e+15
5.3752934556e+05 6.165950e+15
5.4374956894e+05 6.309573e+15
5.5004953395e+05 6.456542e+15
5.5643046825e+05 6.606934e+15
5.6289361675e+05 6.760830e+15
5.6944024180e+05 6.918310e+15
5.7607162323e+05 7.079458e+15
5.8278905854e+05 7.244360e+15
5.8959386293e+05 7.413102e+15
5.9648736951e+05 7.585776e+15
6.0347092934e+05 7.762471e+15
6.1054591157e+05 7.943282e+15
6.1771370358e+05 8.128305e+15
6.2497571108e+05 8.317638e+15
6.3233335824e+05 8.511380e+15
6.3978808780e+05 8.709636e+15
6.4734136123e+05 8.912509e+15
6.5499465883e+05 9.120108e+15
6.6274947987e+05 9.332543e+15
6.7060734271e+05 9.549926e+15
6.7856978498e+05 9.772372e+15
6.8663836368e+05 1.000000e+16
6.9481465531e+05 1.023293e+16
7.0310025607e+05 1.047129e+16
7.1149678198e+05 1.071519e+16
7.2000586901e+05 1.096478e+16
7.2862917328e+05 1.122018e+16
7.3736837121e+05 1.148154e+16
7.4622515968e+05 1.174898e+16
7.5520125619e+05 1.202264e+16
7.6429839906e+05 1.230269e+16
7.7351834759e+05 1.258925e+16
7.8286288227e+05 1.288250e+16
7.9233380495e+05 1.318257e+16
8.0193293903e+05 1.348963e+16
8.1166212972e+05 1.380384e+16
8.2152324416e+05 1.412538e+16
8.3151817171e+05 1.445440e+16
8.4164882414e+05 1.479108e+16
8.5191713586e+05 1.513561e+16
8.6232506414e+05 1.548817e+16
8.7287458941e+05 1.584893e+16
8.8356771543e+05 1.621810e+16
8.9440646960e+05 1.659587e+16
9.0539290322e+05 1.698244e+16
9.1652909173e+05 1.737801e+16
9.2781713503e+05 1.778279e+16
9.3925915773e+05 1.819701e+16
9.5085730948e+05 1.862087e+16
9.6261376524e+05 1.905461e+16
9.7453072564e+05 1.949845e+16
9.8661041724e+05 1.995262e+16
9.9885509290e+05 2.041738e+16
1.0112670321e+06 2.089296e+16
1.0238485414e+06 2.137962e+16
1.0366019545e+06 2.187762e+16
1.0495296331e+06 2.238721e+16
1.0626339665e+06 2.290868e+16
1.0759173730e+06 2.344229e+16
1.0893822995e+06 2.398833e+16
1.1030312221e+06 2.454709e+16
1.1168666468e+06 2.511886e+16
1.1308911094e+06 2.570396e+16
1.1451071765e+06 2.630268e+16
1.1595174457e+06 2.691535e+16
1.1741245458e+06 2.754229e+16
1.1889311378e+06 2.818383e+16
1.2039399148e+06 2.884032e+16
1.2191536030e+06 2.951209e+16
1.2345749618e+06 3.019952e+16
1.2502067847e+06 3.090295e+16
1.2660518993e+06 3.162278e+16
1.2821131683e+06 3.235937e+16
1.2983934899e+06 3.311311e+16
1.3148957982e+06 3.388442e+16
1.3316230639e+06 3.467369e+16
1.3485782949e+06 3.548134e+16
1.3657645367e+06 3.630781e+16
1.3831848734e+06 3.715352e+16
1.4008424276e+06 3.801894e+16
1.4187403619e+06 3.890451e+16
1.4368818786e+06 3.981072e+16
1.4552702211e+06 4.073803e+16
1.4739086743e+06 4.168694e+16
1.4928005650e+06 4.265795e+16
1.5119492628e+06 4.365158e+16
1.5313581808e+06 4.466836e+16
1.5510307763e+06 4.570882e+16
1.5709705514e+06 4.677351e+16
1.5911810536e+06 4.786301e+16
1.6116658770e+06 4.897788e+16
1.6324286624e+06 5.011872e+16
1.6534730985e+06 5.128614e+16
1.6748029224e+06 5.248075e+16
1.6964219207e+06 5.370318e+16
1.7183339297e+06 5.495409e+16
1.7405428368e+06 5.623413e+16
1.7630525810e+06 5.754399e+16
1.7858671536e+06 5.888437e+16
1.8089905993e+06 6.025596e+16
1.8324270167e+06 6.165950e+16
1.8561805596e+06 6.309573e+16
1.8802554374e+06 6.456542e+16
1.9046559160e+06 6.606934e+16
1.9293863191e+06 6.760830e+16
1.9544510286e+06 6.918310e+16
1.9798544858e+06 7.079458e+16
2.0056011920e+06 7.244360e+16
2.0316957098e+06 7.413102e+16
2.0581426636e+06 7.585776e+16
2.0849467412e+06 7.762471e+16
2.1121126938e+06 7.943282e+16
2.1396453377e+06 8.128305e+16
2.1675495552e+06 8.317638e+16
2.1958302952e+06 8.511380e+16
2.2244925745e+06 8.709636e+16
2.2535414787e+06 8.912509e+16
2.2829821633e+06 9.120108e+16
2.3128198546e+06 9.332543e+16
2.3430598509e+06 9.549926e+16
2.3737075233e+06 9.772372e+16
2.4047683171e+06 1.000000e+17
2.4362477527e+06 1.023293e+17
2.4681514265e+06 1.047129e+17
2.5004850124e+06 1.071519e+17
2.5332542626e+06 1.096478e+17
2.5664650087e+06 1.122018e+17
2.6001231634e+06 1.148154e+17
2.6342347207e+06 1.174898e+17
2.6688057579e+06 1.202264e+17
2.7038424364e+06 1.230269e+17
2.7393510030e+06 1.258925e+17
2.7753377909e+06 1.288250e+17
2.8118092212e+06 1.318257e+17
2.8487718042e+06 1.348963e+17
2.8862321401e+06 1.380384e+17
2.9241969210e+06 1.412538e+17
2.9626729316e+06 1.445440e+17
3.0016670506e+06 1.479108e+17
3.0411862525e+06 1.513561e+17
3.0812376083e+06 1.548817e+17
3.1218282870e+06 1.584893e+17
3.1629655574e+06 1.621810e+17
3.2046567887e+06 1.659587e+17
3.2469094526e+06 1.698244e+17
3.2897311244e+06 1.737801e+17
3.3331294844e+06 1.778279e+17
3.3771123194e+06 1.819701e+17
3.4216875242e+06 1.862087e+17
3.4668631032e+06 1.905461e+17
3.5126471713e+06 1.949845e+17
3.5590479565e+06 1.995262e+17
3.6060738002e+06 2.041738e+17
3.6537331599e+06 2.089296e+17
3.7020346098e+06 2.137962e+17
3.7509868433e+06 2.187762e+17
3.8005986738e+06 2.238721e+17
3.8508790369e+06 2.290868e+17
3.9018369918e+06 2.344229e+17
3.9534817232e+06 2.398833e+17
4.0058225429e+06 2.454709e+17
4.0588688912e+06 2.511886e+17
4.1126303394e+06 2.570396e+17
4.1671165907e+06 2.630268e+17
4.2223374829e+06 2.691535e+17
4.2783029895e+06 2.754229e+17
4.3350232219e+06 2.818383e+17
4.3925084310e+06 2.884032e+17
4.4507690098e+06 2.951209e+17
4.5098154943e+06 3.019952e+17
4.5696585664e+06 3.090295e+17
4.6303090551e+06 3.162278e+17
4.6917779393e+06 3.235937e+17
4.7540763490e+06 3.311311e+17
4.8172155681e+06 3.388442e+17
4.8812070359e+06 3.467369e+17
4.9460623498e+06 3.548134e+17
5.0117932669e+06 3.630781e+17
5.0784117065e+06 3.715352e+17
5.1459297523e+06 3.801894e+17
5.2143596545e+06 3.890451e+17
5.2837138323e+06 3.981072e+17
5.3540048758e+06 4.073803e+17
5.4252455488e+06 4.168694e+17
5.4974487909e+06 4.265795e+17
5.5706277200e+06 4.365158e+17
5.6447956347e+06 4.466836e+17
5.7199660168e+06 4.570882e+17
5.7961525335e+06 4.677351e+17
5.8733690408e+06 4.786301e+17
5.9516295849e+06 4.897788e+17
6.0309484058e+06 5.011872e+17
6.1113399393e+06 5.128614e+17
6.1928188201e+06 5.248075e+17
6.2753998844e+06 5.370318e+17
6.3590981725e+06 5.495409e+17
6.4439289317e+06 5.623413e+17
6.5299076193e+06 5.754399e+17
6.6170499052e+06 5.888437e+17
6.7053716752e+06 6.025596e+17
6.7948890333e+06 6.165950e+17
6.8856183055e+06 6.309573e+17
6.9775760423e+06 6.456542e+17
7.0707790221e+06 6.606934e+17
7.1652442538e+06 6.760830e+17
7.2609889808e+06 6.918310e+17
7.3580306836e+06 7.079458e+17
7.4563870830e+06 7.244360e+17
7.5560761440e+06 7.413102e+17
7.6571160786e+06 7.585776e+17
7.7595253494e+06 7.762471e+17
7.8633226731e+06 7.943282e+17
7.9685270238e+06 8.128305e+17
8.0751576368e+06 8.317638e+17
8.1832340121e+06 8.511380e+17
8.2927759179e+06 8.709636e+17
8.4038033945e+06 8.912509e+17
8.5163367579e+06 9.120108e+17
8.6303966038e+06 9.332543e+17
8.7460038112e+06 9.549926e+17
8.8631795463e+06 9.772372e+17
8.9819452669e+06 1.000000e+18
9.1023227258e+06 1.023293e+18
9.2243339752e+06 1.047129e+18
9.3480013710e+06 1.071519e+18
9.4733475766e+06 1.096478e+18
9.6003955673e+06 1.122018e+18
9.7291686348e+06 1.148154e+18
9.8596903913e+06 1.174898e+18
9.9919847738e+06 1.202264e+18
1.0126076049e+07 1.230269e+18
1.0261988818e+07 1.258925e+18
1.0399748020e+07 1.288250e+18
1.0539378937e+07 1.318257e+18
1.0680907201e+07 1.348963e+18
1.0824358795e+07 1.380384e+18
1.0969760061e+07 1.412538e+18
1.1117137702e+07 1.445440e+18
1.1266518790e+07 1.479108e+18
1.1417930770e+07 1.513561e+18
1.1571401464e+07 1.548817e+18
1.1726959078e+07 1.584893e+18
1.1884632205e+07 1.621810e+18
1.2044449835e+07 1.659587e+18
1.2206441353e+07 1.698244e+18
1.2370636551e+07 1.737801e+18
1.2537065631e+07 1.778279e+18
1.2705759212e+07 1.819701e+18
1.2876748334e+07 1.862087e+18
1.3050064463e+07 1.905461e+18
1.3225739501e+07 1.949845e+18
1.3403805788e+07 1.995262e+18
1.3584296110e+07 2.041738e+18
1.3767243705e+07 2.089296e+18
1.3952682268e+07 2.137962e+18
1.4140645959e+07 2.187762e+18
1.4331169409e+07 2.238721e+18
1.4524287726e+07 2.290868e+18
1.4720036500e+07 2.344229e+18
1.4918451814e+07 2.398833e+18
1.5119570248e+07 2.454709e+18
1.5323428884e+07 2.511886e+18
1.5530065318e+07 2.570396e+18
1.5739517662e+07 2.630268e+18
1.5951824554e+07 2.691535e+18
1.6167025165e+07 2.754229e+18
1.6385159205e+07 2.818383e+18
1.6606266932e+07 2.884032e+18
1.6830389160e+07 2.951209e+18
1.7057567264e+07 3.019952e+18
1.7287843190e+07 3.090295e+18
1.7521259464e+07 3.162278e+18
1.7757859194e+07 3.235937e+18
1.7997686088e+07 3.311311e+18
1.8240784452e+07 3.388442e+18
1.8487199206e+07 3.467369e+18
1.8736975888e+07 3.548134e+18
1.8990160665e+07 3.630781e+18
1.9246800339e+07 3.715352e+18
1.9506942359e+07 3.801894e+18
1.9770634829e+07 3.890451e+18
2.0037926515e+07 3.981072e+18
2.0308866855e+07 4.073803e+18
2.0583505972e+07 4.168694e+18
2.0861894677e+07 4.265795e+18
2.1144084485e+07 4.365158e+18
2.1430127619e+07 4.466836e+18
2.1720077024e+07 4.570882e+18
2.2013986376e+07 4.677351e+18
2.2311910090e+07 4.786301e+18
2.2613903332e+07 4.897788e+18
2.2920022031e+07 5.011872e+18
2.3230322886e+07 5.128614e+18
2.3544863379e+07 5.248075e+18
2.3863701784e+07 5.370318e+18
2.4186897182e+07 5.495409e+18
2.4514509467e+07 5.623413e+18
2.4846599360e+07 5.754399e+18
2.5183228422e+07 5.888437e+18
2.5524459060e+07 6.025596e+18
2.5870354545e+07 6.165950e+18
2.6220979021e+07 6.309573e+18
2.6576397518e+07 6.456542e+18
2.6936675962e+07 6.606934e+18
2.7301881191e+07 6.760830e+18
2.7672080964e+07 6.918310e+18
2.8047343975e+07 7.079458e+18
2.8427739870e+07 7.244360e+18
2.8813339253e+07 7.413102e+18
2.9204213704e+07 7.585776e+18
2.9600435792e+07 7.762471e+18
3.0002079086e+07 7.943282e+18
3.0409218174e+07 8.128305e+18
3.0821928671e+07 8.317638e+18
3.1240287238e+07 8.511380e+18
3.1664371594e+07 8.709636e+18
3.2094260531e+07 8.912509e+18
3.2530033931e+07 9.120108e+18
3.2971772778e+07 9.332543e+18
3.3419559172e+07 9.549926e+18
3.3873476353e+07 9.772372e+18
3.4333608704e+07 1.000000e+19
3.4800041779e+07 1.023293e+19
3.5272862310e+07 1.047129e+19
3.5752158230e+07 1.071519e+19
3.6238018686e+07 1.096478e+19
3.6730534054e+07 1.122018e+19
3.7229795962e+07 1.148154e+19
3.7735897302e+07 1.174898e+19
3.8248932251e+07 1.202264e+19
3.8768996284e+07 1.230269e+19
3.9296186200e+07 1.258925e+19
3.9830600130e+07 1.288250e+19
4.0372337567e+07 1.318257e+19
4.0921499372e+07 1.348963e+19
4.1478187806e+07 1.380384e+19
4.2042506540e+07 1.412538e+19
4.2614560678e+07 1.445440e+19
4.3194456777e+07 1.479108e+19
4.3782302866e+07 1.513561e+19
4.4378208468e+07 1.548817e+19
4.4982284618e+07 1.584893e+19
4.5594643889e+07 1.621810e+19
4.6215400406e+07 1.659587e+19
4.6844669875e+07 1.698244e+19
4.7482569598e+07 1.737801e+19
4.8129218501e+07 1.778279e+19
4.8784737154e+07 1.819701e+19
4.9449247792e+07 1.862087e+19
5.0122874342e+07 1.905461e+19
5.0805742442e+07 1.949845e+19
5.1497979468e+07 1.995262e+19
5.2199714558e+07 2.041738e+19
5.2911078634e+07 2.089296e+19
5.3632204429e+07 2.137962e+19
5.4363226511e+07 2.187762e+19
5.5104281309e+07 2.238721e+19
5.5855507137e+07 2.290868e+19
5.6617044225e+07 2.344229e+19
5.7389034738e+07 2.398833e+19
5.8171622810e+07 2.454709e+19
5.8964954567e+07 2.511886e+19
5.9769178155e+07 2.570396e+19
6.0584443771e+07 2.630268e+19
6.1410903688e+07 2.691535e+19
6.2248712284e+07 2.754229e+19
6.3098026074e+07 2.818383e+19
6.3959003738e+07 2.884032e+19
6.4831806148e+07 2.951209e+19
6.5716596404e+07 3.019952e+19
6.6613539861e+07 3.090295e+19
6.7522804162e+07 3.162278e+19
6.8444559267e+07 3.235937e+19
6.9378977490e+07 3.311311e+19
7.0326233527e+07 3.388442e+19
7.1286504490e+07 3.467369e+19
7.2259969944e+07 3.548134e+19
7.3246811935e+07 3.630781e+19
7.4247215030e+07 3.715352e+19
7.5261366349e+07 3.801894e+19
7.6289455601e+07 3.890451e+19
7.7331675118e+07 3.981072e+19
7.8388219897e+07 4.073803e+19
7.9459287629e+07 4.168694e+19
8.0545078744e+07 4.265795e+19
8.1645796443e+07 4.365158e+19
8.2761646740e+07 4.466836e+19
8.3892838499e+07 4.570882e+19
8.5039583477e+07 4.677351e+19
8.6202096358e+07 4.786301e+19
8.7380594800e+07 4.897788e+19
8.8575299470e+07 5.011872e+19
8.9786434091e+07 5.128614e+19
9.1014225484e+07 5.248075e+19
9.2258903607e+07 5.370318e+19
9.3520701601e+07 5.495409e+19
9.4799855834e+07 5.623413e+19
9.6096605946e+07 5.754399e+19
9.7411194895e+07 5.888437e+19
9.8743869001e+07 6.025596e+19
1.0009487799e+08 6.165950e+19
1.0146447506e+08 6.309573e+19
1.0285291689e+08 6.456542e+19
1.0426046373e+08 6.606934e+19
1.0568737943e+08 6.760830e+19
1.0713393148e+08 6.918310e+19
1.0860039110e+08 7.079458e+19
1.1008703324e+08 7.244360e+19
1.1159413667e+08 7.413102e+19
1.1312198401e+08 7.585776e+19
1.1467086179e+08 7.762471e+19
1.1624106054e+08 7.943282e+19
1.1783287476e+08 8.128305e+19
1.1944660307e+08 8.317638e+19
1.2108254822e+08 8.511380e+19
1.2274101712e+08 8.709636e+19
1.2442232097e+08 8.912509e+19
1.2612677526e+08 9.120108e+19
1.2785469984e+08 9.332543e+19
1.2960641901e+08 9.549926e+19
1.3138226156e+08 9.772372e+19
1.3318256080e+08 1.000000e+20
1.3500765470e+08 1.023293e+20
1.3685788589e+08 1.047129e+20
1.3873360174e+08 1.071519e+20
1.4063515444e+08 1.096478e+20
1.4256290105e+08 1.122018e+20
1.4451720359e+08 1.148154e+20
1.4649842909e+08 1.174898e+20
1.4850694964e+08 1.202264e+20
1.5054314252e+08 1.230269e+20
1.5260739021e+08 1.258925e+20
1.5470008050e+08 1.288250e+20
1.5682160655e+08 1.318257e+20
1.5897236696e+08 1.348963e+20
1.6115276585e+08 1.380384e+20
1.6336321296e+08 1.412538e+20
1.6560412369e+08 1.445440e+20
1.6787591918e+08 1.479108e+20
1.7017902643e+08 1.513561e+20
1.7251387835e+08 1.548817e+20
1.7488091383e+08 1.584893e+20
1.7728057786e+08 1.621810e+20
1.7971332160e+08 1.659587e+20
1.8217960243e+08 1.698244e+20
1.8467988410e+08 1.737801e+20
1.8721463676e+08 1.778279e+20
1.8978433710e+08 1.819701e+20
1.9238946839e+08 1.862087e+20
1.9503052062e+08 1.905461e+20
1.9770799055e+08 1.949845e+20
2.0042238183e+08 1.995262e+20
2.0317420509e+08 2.041738e+20
2.0596397804e+08 2.089296e+20
2.0879222556e+08 2.137962e+20
2.1165947979e+08 2.187762e+20
2.1456628028e+08 2.238721e+20
2.1751317402e+08 2.290868e+20
2.2050071560e+08 2.344229e+20
2.2352946729e+08 2.398833e+20
2.2659999915e+08 2.454709e+20
2.2971288915e+08 2.511886e+20
2.3286872327e+08 2.570396e+20
2.3606809560e+08 2.630268e+20
2.3931160847e+08 2.691535e+20
2.4259987256e+08 2.754229e+20
2.4593350702e+08 2.818383e+20
2.4931313956e+08 2.884032e+20
2.5273940661e+08 2.951209e+20
2.5621295342e+08 3.019952e+20
2.5973443419e+08 3.090295e+20
2.6330451217e+08 3.162278e+20
2.6692385981e+08 3.235937e+20
2.7059315888e+08 3.311311e+20
2.7431310062e+08 3.388442e+20
2.7808438583e+08 3.467369e+20
2.8190772504e+08 3.548134e+20
2.8578383861e+08 3.630781e+20
2.8971345690e+08 3.715352e+20
2.9369732040e+08 3.801894e+20
2.9773617987e+08 3.890451e+20
3.0183079644e+08 3.981072e+20
3.0598194185e+08 4.073803e+20
3.1019039849e+08 4.168694e+20
3.1445695963e+08 4.265795e+20
3.1878242952e+08 4.365158e+20
3.2316762356e+08 4.466836e+20
3.2761336848e+08 4.570882e+20
3.3212050244e+08 4.677351e+20
3.3668987524e+08 4.786301e+20
3.4132234846e+08 4.897788e+20
3.4601879562e+08 5.011872e+20
3.5078010237e+08 5.128614e+20
3.5560716663e+08 5.248075e+20
3.6050089876e+08 5.370318e+20
3.6546222175e+08 5.495409e+20
3.7049207141e+08 5.623413e+20
3.7559139649e+08 5.754399e+20
3.8076115893e+08 5.888437e+20
3.8600233399e+08 6.025596e+20
3.9131591047e+08 6.165950e+20
3.9670289086e+08 6.309573e+20
4.0216429157e+08 6.456542e+20
4.0770114311e+08 6.606934e+20
4.1331449026e+08 6.760830e+20
4.1900539231e+08 6.918310e+20
4.2477492324e+08 7.079458e+20
4.3062417190e+08 7.244360e+20
4.3655424229e+08 7.413102e+20
4.4256625367e+08 7.585776e+20
4.4866134085e+08 7.762471e+20
4.5484065439e+08 7.943282e+20
4.6110536078e+08 8.128305e+20
4.6745664270e+08 8.317638e+20
4.7389569926e+08 8.511380e+20
4.8042374616e+08 8.709636e+20
4.8704201599e+08 8.912509e+20
4.9375175844e+08 9.120108e+20
5.0055424051e+08 9.332543e+20
5.0745074680e+08 9.549926e+20
5.1444257972e+08 9.772372e+20
5.2153105974e+08 1.000000e+21
