1.4600010000e+03 1.000000e+01
1.4600010000e+03 1.023293e+01
1.4600010000e+03 1.047129e+01
1.4600010000e+03 1.071519e+01
1.4600010000e+03 1.096478e+01
1.4600010000e+03 1.122018e+01
1.4600010000e+03 1.148154e+01
1.4600010000e+03 1.174898e+01
1.4600010000e+03 1.202264e+01
1.4600010000e+03 1.230269e+01
1.4600010000e+03 1.258925e+01
1.4600010000e+03 1.288250e+01
1.4600010000e+03 1.318257e+01
1.4600010000e+03 1.348963e+01
1.4600010000e+03 1.380384e+01
1.4600010000e+03 1.412538e+01
1.4600010000e+03 1.445440e+01
1.4600010000e+03 1.479108e+01
1.4600010000e+03 1.513561e+01
1.4600010000e+03 1.548817e+01
1.4600010000e+03 1.584893e+01
1.4600010000e+03 1.621810e+01
1.4600010000e+03 1.659587e+01
1.4600010000e+03 1.698244e+01
1.4600010000e+03 1.737801e+01
1.4600010000e+03 1.778279e+01
1.4600010000e+03 1.819701e+01
1.4600010000e+03 1.862087e+01
1.4600010000e+03 1.905461e+01
1.4600010000e+03 1.949845e+01
1.4600010000e+03 1.995262e+01
1.4600010000e+03 2.041738e+01
1.4600010000e+03 2.089296e+01
1.4600010000e+03 2.137962e+01
1.4600010000e+03 2.187762e+01
1.4600010000e+03 2.238721e+01
1.4600010000e+03 2.290868e+01
1.4600010000e+03 2.344229e+01
1.4600010000e+03 2.398833e+01
1.4600010000e+03 2.454709e+01
1.4600010000e+03 2.511886e+01
1.4600010000e+03 2.570396e+01
1.4600010000e+03 2.630268e+01
1.4600010000e+03 2.691535e+01
1.4600010000e+03 2.754229e+01
1.4600010000e+03 2.818383e+01
1.4600010000e+03 2.884032e+01
1.4600010000e+03 2.951209e+01
1.4600010000e+03 3.019952e+01
1.4600010000e+03 3.090295e+01
1.4600010000e+03 3.162278e+01
1.4600010000e+03 3.235937e+01
1.4600010000e+03 3.311311e+01
1.4600010000e+03 3.388442e+01
1.4600010000e+03 3.467369e+01
1.4600010000e+03 3.548134e+01
1.4600010000e+03 3.630781e+01
1.4600010000e+03 3.715352e+01
1.4600010000e+03 3.801894e+01
1.4600010000e+03 3.890451e+01
1.4600010000e+03 3.981072e+01
1.4600010000e+03 4.073803e+01
1.4600010000e+03 4.168694e+01
1.4600010000e+03 4.265795e+01
1.4600010000e+03 4.365158e+01
1.4600010000e+03 4.466836e+01
1.4600010000e+03 4.570882e+01
1.4600010000e+03 4.677351e+01
1.4600010000e+03 4.786301e+01
1.4600010000e+03 4.897788e+01
1.4600010000e+03 5.011872e+01
1.4600010000e+03 5.128614e+01
1.4600010000e+03 5.248075e+01
1.4600010000e+03 5.370318e+01
1.4600010000e+03 5.495409e+01
1.4600010000e+03 5.623413e+01
1.4600010000e+03 5.754399e+01
1.4600010000e+03 5.888437e+01
1.4600010000e+03 6.025596e+01
1.4600010000e+03 6.165950e+01
1.4600010000e+03 6.309573e+01
1.4600010000e+03 6.456542e+01
1.4600010000e+03 6.606934e+01
1.4600010000e+03 6.760830e+01
1.4600010000e+03 6.918310e+01
1.4600010000e+03 7.079458e+01
1.4600010000e+03 7.244360e+01
1.4600010000e+03 7.413102e+01
1.4600010000e+03 7.585776e+01
1.4600010000e+03 7.762471e+01
1.4600010000e+03 7.943282e+01
1.4600010000e+03 8.128305e+01
1.4600010000e+03 8.317638e+01
1.4600010000e+03 8.511380e+01
1.4600010000e+03 8.709636e+01
1.4600010000e+03 8.912509e+01
1.4600010000e+03 9.120108e+01
1.4600010000e+03 9.332543e+01
1.4600010000e+03 9.549926e+01
1.4600010000e+03 9.772372e+01
1.4600010000e+03 1.000000e+02
1.4600010000e+03 1.023293e+02
1.4600010000e+03 1.047129e+02
1.4600010000e+03 1.071519e+02
1.4600010000e+03 1.096478e+02
1.4600010000e+03 1.122018e+02
1.4600010000e+03 1.148154e+02
1.4600010000e+03 1.174898e+02
1.4600010000e+03 1.202264e+02
1.4600010000e+03 1.230269e+02
1.4600010000e+03 1.258925e+02
1.4600010000e+03 1.288250e+02
1.4600010000e+03 1.318257e+02
1.4600010000e+03 1.348963e+02
1.4600010000e+03 1.380384e+02
1.4600010000e+03 1.412538e+02
1.4600010000e+03 1.445440e+02
1.4600010000e+03 1.479108e+02
1.4600010000e+03 1.513561e+02
1.4600010000e+03 1.548817e+02
1.4600010000e+03 1.584893e+02
1.4600010000e+03 1.621810e+02
1.4600010000e+03 1.659587e+02
1.4600010000e+03 1.698244e+02
1.4600010000e+03 1.737801e+02
1.4600010000e+03 1.778279e+02
1.4600010000e+03 1.819701e+02
1.4600010000e+03 1.862087e+02
1.4600010000e+03 1.905461e+02
1.4600010000e+03 1.949845e+02
1.4600010000e+03 1.995262e+02
1.4600010000e+03 2.041738e+02
1.4600010000e+03 2.089296e+02
1.4600010000e+03 2.137962e+02
1.4600010000e+03 2.187762e+02
1.4600010000e+03 2.238721e+02
1.4600010000e+03 2.290868e+02
1.4600010000e+03 2.344229e+02
1.4600010000e+03 2.398833e+02
1.4600010000e+03 2.454709e+02
1.4600010000e+03 2.511886e+02
1.4600010000e+03 2.570396e+02
1.4600010000e+03 2.630268e+02
1.4600010000e+03 2.691535e+02
1.4600010000e+03 2.754229e+02
1.4600010000e+03 2.818383e+02
1.4600010000e+03 2.884032e+02
1.4600010000e+03 2.951209e+02
1.4600010000e+03 3.019952e+02
1.4600010000e+03 3.090295e+02
1.4600010000e+03 3.162278e+02
1.4600010000e+03 3.235937e+02
1.4600010000e+03 3.311311e+02
1.4600010000e+03 3.388442e+02
1.4600010000e+03 3.467369e+02
1.4600010000e+03 3.548134e+02
1.4600010000e+03 3.630781e+02
1.4600010000e+03 3.715352e+02
1.4600010000e+03 3.801894e+02
1.4600010000e+03 3.890451e+02
1.4600010000e+03 3.981072e+02
1.4600010000e+03 4.073803e+02
1.4600010000e+03 4.168694e+02
1.4600010000e+03 4.265795e+02
1.4600010000e+03 4.365158e+02
1.4600010000e+03 4.466836e+02
1.4600010000e+03 4.570882e+02
1.4600010000e+03 4.677351e+02
1.4600010000e+03 4.786301e+02
1.4600010000e+03 4.897788e+02
1.4600010000e+03 5.011872e+02
1.4600010000e+03 5.128614e+02
1.4600010000e+03 5.248075e+02
1.4600010000e+03 5.370318e+02
1.4600010000e+03 5.495409e+02
1.4600010000e+03 5.623413e+02
1.4600010000e+03 5.754399e+02
1.4600010000e+03 5.888437e+02
1.4600010000e+03 6.025596e+02
1.4600010000e+03 6.165950e+02
1.4600010000e+03 6.309573e+02
1.4600010000e+03 6.456542e+02
1.4600010000e+03 6.606934e+02
1.4600010000e+03 6.760830e+02
1.4600010000e+03 6.918310e+02
1.4600010000e+03 7.079458e+02
1.4600010000e+03 7.244360e+02
1.4600010000e+03 7.413102e+02
1.4600010000e+03 7.585776e+02
1.4600010000e+03 7.762471e+02
1.4600010000e+03 7.943282e+02
1.4600010000e+03 8.128305e+02
1.4600010000e+03 8.317638e+02
1.4600010000e+03 8.511380e+02
1.4600010000e+03 8.709636e+02
1.4600010000e+03 8.912509e+02
1.4600010000e+03 9.120108e+02
1.4600010000e+03 9.332543e+02
1.4600010000e+03 9.549926e+02
1.4600010000e+03 9.772372e+02
1.4600010000e+03 1.000000e+03
1.4600010000e+03 1.023293e+03
1.4600010000e+03 1.047129e+03
1.4600010000e+03 1.071519e+03
1.4600010000e+03 1.096478e+03
1.4600010000e+03 1.122018e+03
1.4600010000e+03 1.148154e+03
1.4600010000e+03 1.174898e+03
1.4600010000e+03 1.202264e+03
1.4600010000e+03 1.230269e+03
1.4600010000e+03 1.258925e+03
1.4600010000e+03 1.288250e+03
1.4600010000e+03 1.318257e+03
1.4600010000e+03 1.348963e+03
1.4600010000e+03 1.380384e+03
1.4600010000e+03 1.412538e+03
1.4600010000e+03 1.445440e+03
1.4600010000e+03 1.479108e+03
1.4600010000e+03 1.513561e+03
1.4600010000e+03 1.548817e+03
1.4600010000e+03 1.584893e+03
1.4600010000e+03 1.621810e+03
1.4600010000e+03 1.659587e+03
1.4600010000e+03 1.698244e+03
1.4600010000e+03 1.737801e+03
1.4600010000e+03 1.778279e+03
1.4600010000e+03 1.819701e+03
1.4600010000e+03 1.862087e+03
1.4600010000e+03 1.905461e+03
1.4600010000e+03 1.949845e+03
1.4600010000e+03 1.995262e+03
1.4600010000e+03 2.041738e+03
1.4600010000e+03 2.089296e+03
1.4600010000e+03 2.137962e+03
1.4600010000e+03 2.187762e+03
1.4600010000e+03 2.238721e+03
1.4600010000e+03 2.290868e+03
1.4600010000e+03 2.344229e+03
1.4600010000e+03 2.398833e+03
1.4600010000e+03 2.454709e+03
1.4600010000e+03 2.511886e+03
1.4600010000e+03 2.570396e+03
1.4600010000e+03 2.630268e+03
1.4600010000e+03 2.691535e+03
1.4600010000e+03 2.754229e+03
1.4600010000e+03 2.818383e+03
1.4600010000e+03 2.884032e+03
1.4600010000e+03 2.951209e+03
1.4600010000e+03 3.019952e+03
1.4600010000e+03 3.090295e+03
1.4600010000e+03 3.162278e+03
1.4600010000e+03 3.235937e+03
1.4600010000e+03 3.311311e+03
1.4600010000e+03 3.388442e+03
1.4600010000e+03 3.467369e+03
1.4600010000e+03 3.548134e+03
1.4600010000e+03 3.630781e+03
1.4600010000e+03 3.715352e+03
1.4600010000e+03 3.801894e+03
1.4600010000e+03 3.890451e+03
1.4600010000e+03 3.981072e+03
1.4600010000e+03 4.073803e+03
1.4600010000e+03 4.168694e+03
1.4600010000e+03 4.265795e+03
1.4600010000e+03 4.365158e+03
1.4600010000e+03 4.466836e+03
1.4600010000e+03 4.570882e+03
1.4600010000e+03 4.677351e+03
1.4600010000e+03 4.786301e+03
1.4600010000e+03 4.897788e+03
1.4600010000e+03 5.011872e+03
1.4600010000e+03 5.128614e+03
1.4600010000e+03 5.248075e+03
1.4600010000e+03 5.370318e+03
1.4600010000e+03 5.495409e+03
1.4600010000e+03 5.623413e+03
1.4600010000e+03 5.754399e+03
1.4600010000e+03 5.888437e+03
1.4600010000e+03 6.025596e+03
1.4600010000e+03 6.165950e+03
1.4600010000e+03 6.309573e+03
1.4600010000e+03 6.456542e+03
1.4600010000e+03 6.606934e+03
1.4600010000e+03 6.760830e+03
1.4600010000e+03 6.918310e+03
1.4600010000e+03 7.079458e+03
1.4600010000e+03 7.244360e+03
1.4600010000e+03 7.413102e+03
1.4600010000e+03 7.585776e+03
1.4600010000e+03 7.762471e+03
1.4600010000e+03 7.943282e+03
1.4600010000e+03 8.128305e+03
1.4600010000e+03 8.317638e+03
1.4600010000e+03 8.511380e+03
1.4600010000e+03 8.709636e+03
1.4600010000e+03 8.912509e+03
1.4600010000e+03 9.120108e+03
1.4600010000e+03 9.332543e+03
1.4600010000e+03 9.549926e+03
1.4600010000e+03 9.772372e+03
1.4600010000e+03 1.000000e+04
1.4600010000e+03 1.023293e+04
1.4600010000e+03 1.047129e+04
1.4600010000e+03 1.071519e+04
1.4600010000e+03 1.096478e+04
1.4600010000e+03 1.122018e+04
1.4600010000e+03 1.148154e+04
1.4600010000e+03 1.174898e+04
1.4600010000e+03 1.202264e+04
1.4600010000e+03 1.230269e+04
1.4600010000e+03 1.258925e+04
1.4600010000e+03 1.288250e+04
1.4600010000e+03 1.318257e+04
1.4600010000e+03 1.348963e+04
1.4600010000e+03 1.380384e+04
1.4600010000e+03 1.412538e+04
1.4600010000e+03 1.445440e+04
1.4600010000e+03 1.479108e+04
1.4600010000e+03 1.513561e+04
1.4600010000e+03 1.548817e+04
1.4600010000e+03 1.584893e+04
1.4600010000e+03 1.621810e+04
1.4600010319e+03 1.659587e+04
1.4600010651e+03 1.698244e+04
1.4600010983e+03 1.737801e+04
1.4600011316e+03 1.778279e+04
1.4600011648e+03 1.819701e+04
1.4600011980e+03 1.862087e+04
1.4600012312e+03 1.905461e+04
1.4600012644e+03 1.949845e+04
1.4600012977e+03 1.995262e+04
1.4600013309e+03 2.041738e+04
1.4600013641e+03 2.089296e+04
1.4600013973e+03 2.137962e+04
1.4600014305e+03 2.187762e+04
1.4600014638e+03 2.238721e+04
1.4600014970e+03 2.290868e+04
1.4600015302e+03 2.344229e+04
1.4600015634e+03 2.398833e+04
1.4600015966e+03 2.454709e+04
1.4600016299e+03 2.511886e+04
1.4600016631e+03 2.570396e+04
1.4600016963e+03 2.630268e+04
1.4600017295e+03 2.691535e+04
1.4600017627e+03 2.754229e+04
1.4600017959e+03 2.818383e+04
1.4600018292e+03 2.884032e+04
1.4600018624e+03 2.951209e+04
1.4600018956e+03 3.019952e+04
1.4600019288e+03 3.090295e+04
1.4600019620e+03 3.162278e+04
1.4600019953e+03 3.235937e+04
1.4600020487e+03 3.311311e+04
1.4600021055e+03 3.388442e+04
1.4600021623e+03 3.467369e+04
1.4600022191e+03 3.548134e+04
1.4600022758e+03 3.630781e+04
1.4600023326e+03 3.715352e+04
1.4600023894e+03 3.801894e+04
1.4600024462e+03 3.890451e+04
1.4600025030e+03 3.981072e+04
1.4600025598e+03 4.073803e+04
1.4600026166e+03 4.168694e+04
1.4600026734e+03 4.265795e+04
1.4600027302e+03 4.365158e+04
1.4600027869e+03 4.466836e+04
1.4600028437e+03 4.570882e+04
1.4600029005e+03 4.677351e+04
1.4600029573e+03 4.786301e+04
1.4600030199e+03 4.897788e+04
1.4600030999e+03 5.011872e+04
1.4600031799e+03 5.128614e+04
1.4600032600e+03 5.248075e+04
1.4600033400e+03 5.370318e+04
1.4600034201e+03 5.495409e+04
1.4600035001e+03 5.623413e+04
1.4600035801e+03 5.754399e+04
1.4600036602e+03 5.888437e+04
1.4600037402e+03 6.025596e+04
1.4600038203e+03 6.165950e+04
1.4600039003e+03 6.309573e+04
1.4600039803e+03 6.456542e+04
1.4600040778e+03 6.606934e+04
1.4600041810e+03 6.760830e+04
1.4600042842e+03 6.918310e+04
1.4600043874e+03 7.079458e+04
1.4600044906e+03 7.244360e+04
1.4600045938e+03 7.413102e+04
1.4600046970e+03 7.585776e+04
1.4600048001e+03 7.762471e+04
1.4600049033e+03 7.943282e+04
1.4600050080e+03 8.128305e+04
1.4600051343e+03 8.317638e+04
1.4600052606e+03 8.511380e+04
1.4600053869e+03 8.709636e+04
1.4600055132e+03 8.912509e+04
1.4600056394e+03 9.120108e+04
1.4600057657e+03 9.332543e+04
1.4600058920e+03 9.549926e+04
1.4600060217e+03 9.772372e+04
1.4600061710e+03 1.000000e+05
1.4600063204e+03 1.023293e+05
1.4600064698e+03 1.047129e+05
1.4600066192e+03 1.071519e+05
1.4600067685e+03 1.096478e+05
1.4600069179e+03 1.122018e+05
1.4600070777e+03 1.148154e+05
1.4600072501e+03 1.174898e+05
1.4600074225e+03 1.202264e+05
1.4600075950e+03 1.230269e+05
1.4600077674e+03 1.258925e+05
1.4600079398e+03 1.288250e+05
1.4600081273e+03 1.318257e+05
1.4600083228e+03 1.348963e+05
1.4600085183e+03 1.380384e+05
1.4600087138e+03 1.412538e+05
1.4600089092e+03 1.445440e+05
1.4600091171e+03 1.479108e+05
1.4600093356e+03 1.513561e+05
1.4600095542e+03 1.548817e+05
1.4600097727e+03 1.584893e+05
1.4600099913e+03 1.621810e+05
1.4600102319e+03 1.659587e+05
1.4600104735e+03 1.698244e+05
1.4600107151e+03 1.737801e+05
1.4600109567e+03 1.778279e+05
1.4600112172e+03 1.819701e+05
1.4600114818e+03 1.862087e+05
1.4600117464e+03 1.905461e+05
1.4600120120e+03 1.949845e+05
1.4600122997e+03 1.995262e+05
1.4600125873e+03 2.041738e+05
1.4600128750e+03 2.089296e+05
1.4600131757e+03 2.137962e+05
1.4600134864e+03 2.187762e+05
1.4600137971e+03 2.238721e+05
1.4600141158e+03 2.290868e+05
1.4600144495e+03 2.344229e+05
1.4600147833e+03 2.398833e+05
1.4600151251e+03 2.454709e+05
1.4600154819e+03 2.511886e+05
1.4600158386e+03 2.570396e+05
1.4600162080e+03 2.630268e+05
1.4600165878e+03 2.691535e+05
1.4600169676e+03 2.754229e+05
1.4600173685e+03 2.818383e+05
1.4600177713e+03 2.884032e+05
1.4600181841e+03 2.951209e+05
1.4600186100e+03 3.019952e+05
1.4600190378e+03 3.090295e+05
1.4600194867e+03 3.162278e+05
1.4600199356e+03 3.235937e+05
1.4600204042e+03 3.311311e+05
1.4600208761e+03 3.388442e+05
1.4600213650e+03 3.467369e+05
1.4600218600e+03 3.548134e+05
1.4600223715e+03 3.630781e+05
1.4600228895e+03 3.715352e+05
1.4600234256e+03 3.801894e+05
1.4600239666e+03 3.890451e+05
1.4600245292e+03 3.981072e+05
1.4600250970e+03 4.073803e+05
1.4600256841e+03 4.168694e+05
1.4600262818e+03 4.265795e+05
1.4600268919e+03 4.365158e+05
1.4600275209e+03 4.466836e+05
1.4600281597e+03 4.570882e+05
1.4600288158e+03 4.677351e+05
1.4600294885e+03 4.786301e+05
1.4600301734e+03 4.897788e+05
1.4600308756e+03 5.011872e+05
1.4600315967e+03 5.128614e+05
1.4600323322e+03 5.248075e+05
1.4600330829e+03 5.370318e+05
1.4600338542e+03 5.495409e+05
1.4600346442e+03 5.623413e+05
1.4600354512e+03 5.754399e+05
1.4600362761e+03 5.888437e+05
1.4600371196e+03 6.025596e+05
1.4600379830e+03 6.165950e+05
1.4600388690e+03 6.309573e+05
1.4600397750e+03 6.456542e+05
1.4600407017e+03 6.606934e+05
1.4600416499e+03 6.760830e+05
1.4600426199e+03 6.918310e+05
1.4600436125e+03 7.079458e+05
1.4600446282e+03 7.244360e+05
1.4600456674e+03 7.413102e+05
1.4600467307e+03 7.585776e+05
1.4600478185e+03 7.762471e+05
1.4600489314e+03 7.943282e+05
1.4600500711e+03 8.128305e+05
1.4600512384e+03 8.317638e+05
1.4600524323e+03 8.511380e+05
1.4600536533e+03 8.709636e+05
1.4600549016e+03 8.912509e+05
1.4600561808e+03 9.120108e+05
1.4600574902e+03 9.332543e+05
1.4600588283e+03 9.549926e+05
1.4600601985e+03 9.772372e+05
1.4600616012e+03 1.000000e+06
1.4600630343e+03 1.023293e+06
1.4600645041e+03 1.047129e+06
1.4600660045e+03 1.071519e+06
1.4600675437e+03 1.096478e+06
1.4600691157e+03 1.122018e+06
1.4600707262e+03 1.148154e+06
1.4600723736e+03 1.174898e+06
1.4600740580e+03 1.202264e+06
1.4600757836e+03 1.230269e+06
1.4600775492e+03 1.258925e+06
1.4600793552e+03 1.288250e+06
1.4600812029e+03 1.318257e+06
1.4600830937e+03 1.348963e+06
1.4600850287e+03 1.380384e+06
1.4600870090e+03 1.412538e+06
1.4600890356e+03 1.445440e+06
1.4600911096e+03 1.479108e+06
1.4600932321e+03 1.513561e+06
1.4600954038e+03 1.548817e+06
1.4600976257e+03 1.584893e+06
1.4600998987e+03 1.621810e+06
1.4601022257e+03 1.659587e+06
1.4601046069e+03 1.698244e+06
1.4601070422e+03 1.737801e+06
1.4601095362e+03 1.778279e+06
1.4601120865e+03 1.819701e+06
1.4601146976e+03 1.862087e+06
1.4601173689e+03 1.905461e+06
1.4601201018e+03 1.949845e+06
1.4601228990e+03 1.995262e+06
1.4601257616e+03 2.041738e+06
1.4601286907e+03 2.089296e+06
1.4601316878e+03 2.137962e+06
1.4601347546e+03 2.187762e+06
1.4601378926e+03 2.238721e+06
1.4601411040e+03 2.290868e+06
1.4601443907e+03 2.344229e+06
1.4601477533e+03 2.398833e+06
1.4601511942e+03 2.454709e+06
1.4601547155e+03 2.511886e+06
1.4601583187e+03 2.570396e+06
1.4601620051e+03 2.630268e+06
1.4601657785e+03 2.691535e+06
1.4601696394e+03 2.754229e+06
1.4601735901e+03 2.818383e+06
1.4601776327e+03 2.884032e+06
1.4601817693e+03 2.951209e+06
1.4601860019e+03 3.019952e+06
1.4601903341e+03 3.090295e+06
1.4601947665e+03 3.162278e+06
1.4601993023e+03 3.235937e+06
1.4602039432e+03 3.311311e+06
1.4602086930e+03 3.388442e+06
1.4602135530e+03 3.467369e+06
1.4602185261e+03 3.548134e+06
1.4602236149e+03 3.630781e+06
1.4602288221e+03 3.715352e+06
1.4602341506e+03 3.801894e+06
1.4602396035e+03 3.890451e+06
1.4602451829e+03 3.981072e+06
1.4602508923e+03 4.073803e+06
1.4602567349e+03 4.168694e+06
1.4602627133e+03 4.265795e+06
1.4602688308e+03 4.365158e+06
1.4602750907e+03 4.466836e+06
1.4602814967e+03 4.570882e+06
1.4602880512e+03 4.677351e+06
1.4602947589e+03 4.786301e+06
1.4603016225e+03 4.897788e+06
1.4603086459e+03 5.011872e+06
1.4603158325e+03 5.128614e+06
1.4603231867e+03 5.248075e+06
1.4603307120e+03 5.370318e+06
1.4603384125e+03 5.495409e+06
1.4603462922e+03 5.623413e+06
1.4603543553e+03 5.754399e+06
1.4603626060e+03 5.888437e+06
1.4603710486e+03 6.025596e+06
1.4603796881e+03 6.165950e+06
1.4603885285e+03 6.309573e+06
1.4603975746e+03 6.456542e+06
1.4604068311e+03 6.606934e+06
1.4604163032e+03 6.760830e+06
1.4604259955e+03 6.918310e+06
1.4604359136e+03 7.079458e+06
1.4604460624e+03 7.244360e+06
1.4604564476e+03 7.413102e+06
1.4604670741e+03 7.585776e+06
1.4604779480e+03 7.762471e+06
1.4604890750e+03 7.943282e+06
1.4605004611e+03 8.128305e+06
1.4605121117e+03 8.317638e+06
1.4605240335e+03 8.511380e+06
1.4605362329e+03 8.709636e+06
1.4605487160e+03 8.912509e+06
1.4605614895e+03 9.120108e+06
1.4605745602e+03 9.332543e+06
1.4605879348e+03 9.549926e+06
1.4606016208e+03 9.772372e+06
1.4606156250e+03 1.000000e+07
1.4606299549e+03 1.023293e+07
1.4606446184e+03 1.047129e+07
1.4606596228e+03 1.071519e+07
1.4606749761e+03 1.096478e+07
1.4606906867e+03 1.122018e+07
1.4607067626e+03 1.148154e+07
1.4607232124e+03 1.174898e+07
1.4607400446e+03 1.202264e+07
1.4607572685e+03 1.230269e+07
1.4607748928e+03 1.258925e+07
1.4607929269e+03 1.288250e+07
1.4608113805e+03 1.318257e+07
1.4608302630e+03 1.348963e+07
1.4608495847e+03 1.380384e+07
1.4608693555e+03 1.412538e+07
1.4608895860e+03 1.445440e+07
1.4609102868e+03 1.479108e+07
1.4609314688e+03 1.513561e+07
1.4609531432e+03 1.548817e+07
1.4609753214e+03 1.584893e+07
1.4609980151e+03 1.621810e+07
1.4610212363e+03 1.659587e+07
1.4610449971e+03 1.698244e+07
1.4610693103e+03 1.737801e+07
1.4610941884e+03 1.778279e+07
1.4611196446e+03 1.819701e+07
1.4611456923e+03 1.862087e+07
1.4611723452e+03 1.905461e+07
1.4611996174e+03 1.949845e+07
1.4612275231e+03 1.995262e+07
1.4612560771e+03 2.041738e+07
1.4612852945e+03 2.089296e+07
1.4613151904e+03 2.137962e+07
1.4613457808e+03 2.187762e+07
1.4613770815e+03 2.238721e+07
1.4614091093e+03 2.290868e+07
1.4614418807e+03 2.344229e+07
1.4614754131e+03 2.398833e+07
1.4615097241e+03 2.454709e+07
1.4615448316e+03 2.511886e+07
1.4615807542e+03 2.570396e+07
1.4616175106e+03 2.630268e+07
1.4616551202e+03 2.691535e+07
1.4616936027e+03 2.754229e+07
1.4617329782e+03 2.818383e+07
1.4617732675e+03 2.884032e+07
1.4618144916e+03 2.951209e+07
1.4618566721e+03 3.019952e+07
1.4618998312e+03 3.090295e+07
1.4619439915e+03 3.162278e+07
1.4619891760e+03 3.235937e+07
1.4620354085e+03 3.311311e+07
1.4620827132e+03 3.388442e+07
1.4621311146e+03 3.467369e+07
1.4621806384e+03 3.548134e+07
1.4622313102e+03 3.630781e+07
1.4622831565e+03 3.715352e+07
1.4623362046e+03 3.801894e+07
1.4623904821e+03 3.890451e+07
1.4624460172e+03 3.981072e+07
1.4625028391e+03 4.073803e+07
1.4625609774e+03 4.168694e+07
1.4626204624e+03 4.265795e+07
1.4626813250e+03 4.365158e+07
1.4627435971e+03 4.466836e+07
1.4628073111e+03 4.570882e+07
1.4628725002e+03 4.677351e+07
1.4629391982e+03 4.786301e+07
1.4630074400e+03 4.897788e+07
1.4630772610e+03 5.011872e+07
1.4631486974e+03 5.128614e+07
1.4632217865e+03 5.248075e+07
1.4632965662e+03 5.370318e+07
1.4633730753e+03 5.495409e+07
1.4634513536e+03 5.623413e+07
1.4635314416e+03 5.754399e+07
1.4636133808e+03 5.888437e+07
1.4636972137e+03 6.025596e+07
1.4637829837e+03 6.165950e+07
1.4638707352e+03 6.309573e+07
1.4639605137e+03 6.456542e+07
1.4640523654e+03 6.606934e+07
1.4641463380e+03 6.760830e+07
1.4642424798e+03 6.918310e+07
1.4643408406e+03 7.079458e+07
1.4644414710e+03 7.244360e+07
1.4645444230e+03 7.413102e+07
1.4646497495e+03 7.585776e+07
1.4647575048e+03 7.762471e+07
1.4648677443e+03 7.943282e+07
1.4649805247e+03 8.128305e+07
1.4650959039e+03 8.317638e+07
1.4652139411e+03 8.511380e+07
1.4653346969e+03 8.709636e+07
1.4654582332e+03 8.912509e+07
1.4655846133e+03 9.120108e+07
1.4657139017e+03 9.332543e+07
1.4658461647e+03 9.549926e+07
1.4659814697e+03 9.772372e+07
1.4661198859e+03 1.000000e+08
1.4662614839e+03 1.023293e+08
1.4664063358e+03 1.047129e+08
1.4665545153e+03 1.071519e+08
1.4667060979e+03 1.096478e+08
1.4668611605e+03 1.122018e+08
1.4670197818e+03 1.148154e+08
1.4671820424e+03 1.174898e+08
1.4673480243e+03 1.202264e+08
1.4675178117e+03 1.230269e+08
1.4676914903e+03 1.258925e+08
1.4678691479e+03 1.288250e+08
1.4680508740e+03 1.318257e+08
1.4682367602e+03 1.348963e+08
1.4684269002e+03 1.380384e+08
1.4686213894e+03 1.412538e+08
1.4688203255e+03 1.445440e+08
1.4690238083e+03 1.479108e+08
1.4692319396e+03 1.513561e+08
1.4694448237e+03 1.548817e+08
1.4696625667e+03 1.584893e+08
1.4698852773e+03 1.621810e+08
1.4701143166e+03 1.659587e+08
1.4703461815e+03 1.698244e+08
1.4705853972e+03 1.737801e+08
1.4708293453e+03 1.778279e+08
1.4710780795e+03 1.819701e+08
1.4713325383e+03 1.862087e+08
1.4715939845e+03 1.905461e+08
1.4718608138e+03 1.949845e+08
1.4721333003e+03 1.995262e+08
1.4724117023e+03 2.041738e+08
1.4726966034e+03 2.089296e+08
1.4729887663e+03 2.137962e+08
1.4732873158e+03 2.187762e+08
1.4735924703e+03 2.238721e+08
1.4739044370e+03 2.290868e+08
1.4742234126e+03 2.344229e+08
1.4745495841e+03 2.398833e+08
1.4748831293e+03 2.454709e+08
1.4752242176e+03 2.511886e+08
1.4755730106e+03 2.570396e+08
1.4759296625e+03 2.630268e+08
1.4762943204e+03 2.691535e+08
1.4766671252e+03 2.754229e+08
1.4770482115e+03 2.818383e+08
1.4774377083e+03 2.884032e+08
1.4778363273e+03 2.951209e+08
1.4782442326e+03 3.019952e+08
1.4786610169e+03 3.090295e+08
1.4790867850e+03 3.162278e+08
1.4795218898e+03 3.235937e+08
1.4799676728e+03 3.311311e+08
1.4804228243e+03 3.388442e+08
1.4808877064e+03 3.467369e+08
1.4813639583e+03 3.548134e+08
1.4818499107e+03 3.630781e+08
1.4823473123e+03 3.715352e+08
1.4828553072e+03 3.801894e+08
1.4833749392e+03 3.890451e+08
1.4839056067e+03 3.981072e+08
1.4844487006e+03 4.073803e+08
1.4850030805e+03 4.168694e+08
1.4855702908e+03 4.265795e+08
1.4861499555e+03 4.365158e+08
1.4867420463e+03 4.466836e+08
1.4873471749e+03 4.570882e+08
1.4879661269e+03 4.677351e+08
1.4885984957e+03 4.786301e+08
1.4892446447e+03 4.897788e+08
1.4899049188e+03 5.011872e+08
1.4905796458e+03 5.128614e+08
1.4912691377e+03 5.248075e+08
1.4919736916e+03 5.370318e+08
1.4926935904e+03 5.495409e+08
1.4934291044e+03 5.623413e+08
1.4941804911e+03 5.754399e+08
1.4949482946e+03 5.888437e+08
1.4957330421e+03 6.025596e+08
1.4965344845e+03 6.165950e+08
1.4973530518e+03 6.309573e+08
1.4981897823e+03 6.456542e+08
1.4990439145e+03 6.606934e+08
1.4999170723e+03 6.760830e+08
1.5008083883e+03 6.918310e+08
1.5017192333e+03 7.079458e+08
1.5026494252e+03 7.244360e+08
1.5035992738e+03 7.413102e+08
1.5045694149e+03 7.585776e+08
1.5055604368e+03 7.762471e+08
1.5065724125e+03 7.943282e+08
1.5076057872e+03 8.128305e+08
1.5086609842e+03 8.317638e+08
1.5097384062e+03 8.511380e+08
1.5108384592e+03 8.709636e+08
1.5119619689e+03 8.912509e+08
1.5131089229e+03 9.120108e+08
1.5142796484e+03 9.332543e+08
1.5154751185e+03 9.549926e+08
1.5166953104e+03 9.772372e+08
1.5179410267e+03 1.000000e+09
1.5192122872e+03 1.023293e+09
1.5205102655e+03 1.047129e+09
1.5218349089e+03 1.071519e+09
1.5231867762e+03 1.096478e+09
1.5245664238e+03 1.122018e+09
1.5259743807e+03 1.148154e+09
1.5274111492e+03 1.174898e+09
1.5288772075e+03 1.202264e+09
1.5303730106e+03 1.230269e+09
1.5318992042e+03 1.258925e+09
1.5334564264e+03 1.288250e+09
1.5350448024e+03 1.318257e+09
1.5366654645e+03 1.348963e+09
1.5383184756e+03 1.380384e+09
1.5400044731e+03 1.412538e+09
1.5417242683e+03 1.445440e+09
1.5434782784e+03 1.479108e+09
1.5452670356e+03 1.513561e+09
1.5470911138e+03 1.548817e+09
1.5489513318e+03 1.584893e+09
1.5508480644e+03 1.621810e+09
1.5527817855e+03 1.659587e+09
1.5547535137e+03 1.698244e+09
1.5567633909e+03 1.737801e+09
1.5588124673e+03 1.778279e+09
1.5609011337e+03 1.819701e+09
1.5630300244e+03 1.862087e+09
1.5651998062e+03 1.905461e+09
1.5674111123e+03 1.949845e+09
1.5696645447e+03 1.995262e+09
1.5719609377e+03 2.041738e+09
1.5743007864e+03 2.089296e+09
1.5766847790e+03 2.137962e+09
1.5791135194e+03 2.187762e+09
1.5815879162e+03 2.238721e+09
1.5841084371e+03 2.290868e+09
1.5866757960e+03 2.344229e+09
1.5892906714e+03 2.398833e+09
1.5919538301e+03 2.454709e+09
1.5946659901e+03 2.511886e+09
1.5974276402e+03 2.570396e+09
1.6002398094e+03 2.630268e+09
1.6031029722e+03 2.691535e+09
1.6060178864e+03 2.754229e+09
1.6089853061e+03 2.818383e+09
1.6120059482e+03 2.884032e+09
1.6150804945e+03 2.951209e+09
1.6182097310e+03 3.019952e+09
1.6213944079e+03 3.090295e+09
1.6246352195e+03 3.162278e+09
1.6279328737e+03 3.235937e+09
1.6312881735e+03 3.311311e+09
1.6347018826e+03 3.388442e+09
1.6381747276e+03 3.467369e+09
1.6417074003e+03 3.548134e+09
1.6453007497e+03 3.630781e+09
1.6489554424e+03 3.715352e+09
1.6526723817e+03 3.801894e+09
1.6564522082e+03 3.890451e+09
1.6602957121e+03 3.981072e+09
1.6642036461e+03 4.073803e+09
1.6681768799e+03 4.168694e+09
1.6722160922e+03 4.265795e+09
1.6763221055e+03 4.365158e+09
1.6804956426e+03 4.466836e+09
1.6847375371e+03 4.570882e+09
1.6890485838e+03 4.677351e+09
1.6934295416e+03 4.786301e+09
1.6978811351e+03 4.897788e+09
1.7024043009e+03 5.011872e+09
1.7069996689e+03 5.128614e+09
1.7116681035e+03 5.248075e+09
1.7164104305e+03 5.370318e+09
1.7212274393e+03 5.495409e+09
1.7261198851e+03 5.623413e+09
1.7310885019e+03 5.754399e+09
1.7361342691e+03 5.888437e+09
1.7412578388e+03 6.025596e+09
1.7464600487e+03 6.165950e+09
1.7517417117e+03 6.309573e+09
1.7571036071e+03 6.456542e+09
1.7625465885e+03 6.606934e+09
1.7680714236e+03 6.760830e+09
1.7736789642e+03 6.918310e+09
1.7793699684e+03 7.079458e+09
1.7851452657e+03 7.244360e+09
1.7910056534e+03 7.413102e+09
1.7969519793e+03 7.585776e+09
1.8029850481e+03 7.762471e+09
1.8091056750e+03 7.943282e+09
1.8153146545e+03 8.128305e+09
1.8216128293e+03 8.317638e+09
1.8280010119e+03 8.511380e+09
1.8344799866e+03 8.709636e+09
1.8410506961e+03 8.912509e+09
1.8477138262e+03 9.120108e+09
1.8544702623e+03 9.332543e+09
1.8613208598e+03 9.549926e+09
1.8682664463e+03 9.772372e+09
1.8753078231e+03 1.000000e+10
1.8824457866e+03 1.023293e+10
1.8896812838e+03 1.047129e+10
1.8970150729e+03 1.071519e+10
1.9044480064e+03 1.096478e+10
1.9119809309e+03 1.122018e+10
1.9196146691e+03 1.148154e+10
1.9273501666e+03 1.174898e+10
1.9351881379e+03 1.202264e+10
1.9431295475e+03 1.230269e+10
1.9511752029e+03 1.258925e+10
1.9593259527e+03 1.288250e+10
1.9675826949e+03 1.318257e+10
1.9759462879e+03 1.348963e+10
1.9844175560e+03 1.380384e+10
1.9929974167e+03 1.412538e+10
2.0016867532e+03 1.445440e+10
2.0104864116e+03 1.479108e+10
2.0193972830e+03 1.513561e+10
2.0284203062e+03 1.548817e+10
2.0375562745e+03 1.584893e+10
2.0468061903e+03 1.621810e+10
2.0561708772e+03 1.659587e+10
2.0656512637e+03 1.698244e+10
2.0752482617e+03 1.737801e+10
2.0849627679e+03 1.778279e+10
2.0947957348e+03 1.819701e+10
2.1047480560e+03 1.862087e+10
2.1148206925e+03 1.905461e+10
2.1250145426e+03 1.949845e+10
2.1353305603e+03 1.995262e+10
2.1457696867e+03 2.041738e+10
2.1563328507e+03 2.089296e+10
2.1670210953e+03 2.137962e+10
2.1778352661e+03 2.187762e+10
2.1887764189e+03 2.238721e+10
2.1998454965e+03 2.290868e+10
2.2110434696e+03 2.344229e+10
2.2223713204e+03 2.398833e+10
2.2338301092e+03 2.454709e+10
2.2454207510e+03 2.511886e+10
2.2571443115e+03 2.570396e+10
2.2690017619e+03 2.630268e+10
2.2809941516e+03 2.691535e+10
2.2931225220e+03 2.754229e+10
2.3053879074e+03 2.818383e+10
2.3177913358e+03 2.884032e+10
2.3303338322e+03 2.951209e+10
2.3430165528e+03 3.019952e+10
2.3558404737e+03 3.090295e+10
2.3688067000e+03 3.162278e+10
2.3819163338e+03 3.235937e+10
2.3951704729e+03 3.311311e+10
2.4085702111e+03 3.388442e+10
2.4221166388e+03 3.467369e+10
2.4358109092e+03 3.548134e+10
2.4496541273e+03 3.630781e+10
2.4636474732e+03 3.715352e+10
2.4777920552e+03 3.801894e+10
2.4920890447e+03 3.890451e+10
2.5065396114e+03 3.981072e+10
2.5211449239e+03 4.073803e+10
2.5359061893e+03 4.168694e+10
2.5508246116e+03 4.265795e+10
2.5659013670e+03 4.365158e+10
2.5814942092e+03 4.466836e+10
2.5965550062e+03 4.570882e+10
2.6116157271e+03 4.677351e+10
2.6266765889e+03 4.786301e+10
2.6417373461e+03 4.897788e+10
2.6567981217e+03 5.011872e+10
2.6718589796e+03 5.128614e+10
2.6869198023e+03 5.248075e+10
2.7019805507e+03 5.370318e+10
2.7170413710e+03 5.495409e+10
2.7321021041e+03 5.623413e+10
2.7473884278e+03 5.754399e+10
2.7629673599e+03 5.888437e+10
2.7785461611e+03 6.025596e+10
2.7941249803e+03 6.165950e+10
2.8097037715e+03 6.309573e+10
2.8252826257e+03 6.456542e+10
2.8408614438e+03 6.606934e+10
2.8564403545e+03 6.760830e+10
2.8720191952e+03 6.918310e+10
2.8875980186e+03 7.079458e+10
2.9031768778e+03 7.244360e+10
2.9187556397e+03 7.413102e+10
2.9372516733e+03 7.585776e+10
2.9558482924e+03 7.762471e+10
2.9744449375e+03 7.943282e+10
2.9930416198e+03 8.128305e+10
3.0116383269e+03 8.317638e+10
3.0302349257e+03 8.511380e+10
3.0488316343e+03 8.709636e+10
3.0674282535e+03 8.912509e+10
3.0860249162e+03 9.120108e+10
3.1046216134e+03 9.332543e+10
3.1221995830e+03 9.549926e+10
3.1387589748e+03 9.772372e+10
3.1553184080e+03 1.000000e+11
3.1718778312e+03 1.023293e+11
3.1884375540e+03 1.047129e+11
3.2049964565e+03 1.071519e+11
3.2215559505e+03 1.096478e+11
3.2381152058e+03 1.122018e+11
3.2546751518e+03 1.148154e+11
3.2712346049e+03 1.174898e+11
3.2877934903e+03 1.202264e+11
3.3043533021e+03 1.230269e+11
3.3209123506e+03 1.258925e+11
3.3382640080e+03 1.288250e+11
3.3559826212e+03 1.318257e+11
3.3737012639e+03 1.348963e+11
3.3914197778e+03 1.380384e+11
3.4091389017e+03 1.412538e+11
3.4268575041e+03 1.445440e+11
3.4445759085e+03 1.479108e+11
3.4622947125e+03 1.513561e+11
3.4800137565e+03 1.548817e+11
3.4995272444e+03 1.584893e+11
3.5197789004e+03 1.621810e+11
3.5400306041e+03 1.659587e+11
3.5602823370e+03 1.698244e+11
3.5805338456e+03 1.737801e+11
3.6007851580e+03 1.778279e+11
3.6210370311e+03 1.819701e+11
3.6412885001e+03 1.862087e+11
3.6615402968e+03 1.905461e+11
3.6817919491e+03 1.949845e+11
3.7020432316e+03 1.995262e+11
3.7222949962e+03 2.041738e+11
3.7425465192e+03 2.089296e+11
3.7627981394e+03 2.137962e+11
3.7830499293e+03 2.187762e+11
3.8033013256e+03 2.238721e+11
3.8235531153e+03 2.290868e+11
3.8438046532e+03 2.344229e+11
3.8640562155e+03 2.398833e+11
3.8890699189e+03 2.454709e+11
3.9149033101e+03 2.511886e+11
3.9407372201e+03 2.570396e+11
3.9665707511e+03 2.630268e+11
3.9924044519e+03 2.691535e+11
4.0182381134e+03 2.754229e+11
4.0440716424e+03 2.818383e+11
4.0699054308e+03 2.884032e+11
4.0957387738e+03 2.951209e+11
4.1215725863e+03 3.019952e+11
4.1474059478e+03 3.090295e+11
4.1732398479e+03 3.162278e+11
4.1990734991e+03 3.235937e+11
4.2249068994e+03 3.311311e+11
4.2507407399e+03 3.388442e+11
4.2765743774e+03 3.467369e+11
4.3046991700e+03 3.548134e+11
4.3355666699e+03 3.630781e+11
4.3664337715e+03 3.715352e+11
4.3973012630e+03 3.801894e+11
4.4281684686e+03 3.890451e+11
4.4590360964e+03 3.981072e+11
4.4899034438e+03 4.073803e+11
4.5207707975e+03 4.168694e+11
4.5516380588e+03 4.265795e+11
4.5825053925e+03 4.365158e+11
4.6133728886e+03 4.466836e+11
4.6442402691e+03 4.570882e+11
4.6751074939e+03 4.677351e+11
4.7059750073e+03 4.786301e+11
4.7368423064e+03 4.897788e+11
4.7689837482e+03 5.011872e+11
4.8056546995e+03 5.128614e+11
4.8423255651e+03 5.248075e+11
4.8789962499e+03 5.370318e+11
4.9156671095e+03 5.495409e+11
4.9523377571e+03 5.623413e+11
4.9890085198e+03 5.754399e+11
5.0256795385e+03 5.888437e+11
5.0623502493e+03 6.025596e+11
5.0990210023e+03 6.165950e+11
5.1356916895e+03 6.309573e+11
5.1723625249e+03 6.456542e+11
5.2090332754e+03 6.606934e+11
5.2457042438e+03 6.760830e+11
5.2823750474e+03 6.918310e+11
5.3261961086e+03 7.079458e+11
5.3700656196e+03 7.244360e+11
5.4139348564e+03 7.413102e+11
5.4578044733e+03 7.585776e+11
5.5016738178e+03 7.762471e+11
5.5455432233e+03 7.943282e+11
5.5894127167e+03 8.128305e+11
5.6332822688e+03 8.317638e+11
5.6771515651e+03 8.511380e+11
5.7210211206e+03 8.709636e+11
5.7648904651e+03 8.912509e+11
5.8087599124e+03 9.120108e+11
5.8526294410e+03 9.332543e+11
5.9014211258e+03 9.549926e+11
5.9514514518e+03 9.772372e+11
6.0014819029e+03 1.000000e+12
6.0515123238e+03 1.023293e+12
6.1015436496e+03 1.047129e+12
6.1515724974e+03 1.071519e+12
6.2016031321e+03 1.096478e+12
6.2516330455e+03 1.122018e+12
6.3016650460e+03 1.148154e+12
6.3516955573e+03 1.174898e+12
6.4017243532e+03 1.202264e+12
6.4517559479e+03 1.230269e+12
6.5017852369e+03 1.258925e+12
6.5593391347e+03 1.288250e+12
6.6172317337e+03 1.318257e+12
6.6751244292e+03 1.348963e+12
6.7330167037e+03 1.380384e+12
6.7909109716e+03 1.412538e+12
6.8488035351e+03 1.445440e+12
6.9066954518e+03 1.479108e+12
6.9645886743e+03 1.513561e+12
7.0224826809e+03 1.548817e+12
7.0803747323e+03 1.584893e+12
7.1382678620e+03 1.621810e+12
7.1961611285e+03 1.659587e+12
7.2604640717e+03 1.698244e+12
7.3282306691e+03 1.737801e+12
7.3959966101e+03 1.778279e+12
7.4637644270e+03 1.819701e+12
7.5315308920e+03 1.862087e+12
7.5992984532e+03 1.905461e+12
7.6670655314e+03 1.949845e+12
7.7348313723e+03 1.995262e+12
7.8025988263e+03 2.041738e+12
7.8703654719e+03 2.089296e+12
7.9381324426e+03 2.137962e+12
8.0058999814e+03 2.187762e+12
8.0819189935e+03 2.238721e+12
8.1580287314e+03 2.290868e+12
8.2341375232e+03 2.344229e+12
8.3102464068e+03 2.398833e+12
8.3863554411e+03 2.454709e+12
8.4624637921e+03 2.511886e+12
8.5385736716e+03 2.570396e+12
8.6146824348e+03 2.630268e+12
8.6907916978e+03 2.691535e+12
8.7669008454e+03 2.754229e+12
8.8430096023e+03 2.818383e+12
8.9241931796e+03 2.884032e+12
9.0113560179e+03 2.951209e+12
9.0985204404e+03 3.019952e+12
9.1856833414e+03 3.090295e+12
9.2728480592e+03 3.162278e+12
9.3600119375e+03 3.235937e+12
9.4471749693e+03 3.311311e+12
9.5343394861e+03 3.388442e+12
9.6215033183e+03 3.467369e+12
9.7086666735e+03 3.548134e+12
9.7958308115e+03 3.630781e+12
9.8865176045e+03 3.715352e+12
9.9862201791e+03 3.801894e+12
1.0085921830e+04 3.890451e+12
1.0185624845e+04 3.981072e+12
1.0285326954e+04 4.073803e+12
1.0385029083e+04 4.168694e+12
1.0484730914e+04 4.265795e+12
1.0584432979e+04 4.365158e+12
1.0684135569e+04 4.466836e+12
1.0783837785e+04 4.570882e+12
1.0883539498e+04 4.677351e+12
1.0989343231e+04 4.786301e+12
1.1102671931e+04 4.897788e+12
1.1216000768e+04 5.011872e+12
1.1329330226e+04 5.128614e+12
1.1442659418e+04 5.248075e+12
1.1555988052e+04 5.370318e+12
1.1669317226e+04 5.495409e+12
1.1782645745e+04 5.623413e+12
1.1895974620e+04 5.754399e+12
1.2009304285e+04 5.888437e+12
1.2122632999e+04 6.025596e+12
1.2248492950e+04 6.165950e+12
1.2375871246e+04 6.309573e+12
1.2503250057e+04 6.456542e+12
1.2630628574e+04 6.606934e+12
1.2758007846e+04 6.760830e+12
1.2885386547e+04 6.918310e+12
1.3012765106e+04 7.079458e+12
1.3140143959e+04 7.244360e+12
1.3267522015e+04 7.413102e+12
1.3394901175e+04 7.585776e+12
1.3467438602e+04 7.762471e+12
1.3614125251e+04 7.943282e+12
1.3762536917e+04 8.128305e+12
1.3912696077e+04 8.317638e+12
1.4064625531e+04 8.511380e+12
1.4218348410e+04 8.709636e+12
1.4373888176e+04 8.912509e+12
1.4531268628e+04 9.120108e+12
1.4690513906e+04 9.332543e+12
1.4851648492e+04 9.549926e+12
1.5014697220e+04 9.772372e+12
1.5179685271e+04 1.000000e+13
1.5346638185e+04 1.023293e+13
1.5515581862e+04 1.047129e+13
1.5686542562e+04 1.071519e+13
1.5859546916e+04 1.096478e+13
1.6034621923e+04 1.122018e+13
1.6211794957e+04 1.148154e+13
1.6391093772e+04 1.174898e+13
1.6572546502e+04 1.202264e+13
1.6756181668e+04 1.230269e+13
1.6942028181e+04 1.258925e+13
1.7130115344e+04 1.288250e+13
1.7320472856e+04 1.318257e+13
1.7513130819e+04 1.348963e+13
1.7708119736e+04 1.380384e+13
1.7905470521e+04 1.412538e+13
1.8105214495e+04 1.445440e+13
1.8307383396e+04 1.479108e+13
1.8512009381e+04 1.513561e+13
1.8719125027e+04 1.548817e+13
1.8928763336e+04 1.584893e+13
1.9140957740e+04 1.621810e+13
1.9355742102e+04 1.659587e+13
1.9573150719e+04 1.698244e+13
1.9793218330e+04 1.737801e+13
2.0015980112e+04 1.778279e+13
2.0241471690e+04 1.819701e+13
2.0469729137e+04 1.862087e+13
2.0700788978e+04 1.905461e+13
2.0934688193e+04 1.949845e+13
2.1171464219e+04 1.995262e+13
2.1411154957e+04 2.041738e+13
2.1653798771e+04 2.089296e+13
2.1899434494e+04 2.137962e+13
2.2148101429e+04 2.187762e+13
2.2399839354e+04 2.238721e+13
2.2654688523e+04 2.290868e+13
2.2912689673e+04 2.344229e+13
2.3173884023e+04 2.398833e+13
2.3438313278e+04 2.454709e+13
2.3706019634e+04 2.511886e+13
2.3977045780e+04 2.570396e+13
2.4251434899e+04 2.630268e+13
2.4529230677e+04 2.691535e+13
2.4810477298e+04 2.754229e+13
2.5095219453e+04 2.818383e+13
2.5383502344e+04 2.884032e+13
2.5675371681e+04 2.951209e+13
2.5970873691e+04 3.019952e+13
2.6270055117e+04 3.090295e+13
2.6572963227e+04 3.162278e+13
2.6879645811e+04 3.235937e+13
2.7190151186e+04 3.311311e+13
2.7504528204e+04 3.388442e+13
2.7822826249e+04 3.467369e+13
2.8145095243e+04 3.548134e+13
2.8471385651e+04 3.630781e+13
2.8801748484e+04 3.715352e+13
2.9136235302e+04 3.801894e+13
2.9474898215e+04 3.890451e+13
2.9817789894e+04 3.981072e+13
3.0164963568e+04 4.073803e+13
3.0516473033e+04 4.168694e+13
3.0872372650e+04 4.265795e+13
3.1232717358e+04 4.365158e+13
3.1597562671e+04 4.466836e+13
3.1966964686e+04 4.570882e+13
3.2340980087e+04 4.677351e+13
3.2719666148e+04 4.786301e+13
3.3103080742e+04 4.897788e+13
3.3491282344e+04 5.011872e+13
3.3884330035e+04 5.128614e+13
3.4282283509e+04 5.248075e+13
3.4685203078e+04 5.370318e+13
3.5093149681e+04 5.495409e+13
3.5506184883e+04 5.623413e+13
3.5924370891e+04 5.754399e+13
3.6347770552e+04 5.888437e+13
3.6776447364e+04 6.025596e+13
3.7210465484e+04 6.165950e+13
3.7649889731e+04 6.309573e+13
3.8094785599e+04 6.456542e+13
3.8545219261e+04 6.606934e+13
3.9001257578e+04 6.760830e+13
3.9462968110e+04 6.918310e+13
3.9930419120e+04 7.079458e+13
4.0403679588e+04 7.244360e+13
4.0882819218e+04 7.413102e+13
4.1367908447e+04 7.585776e+13
4.1859018458e+04 7.762471e+13
4.2356221189e+04 7.943282e+13
4.2859589343e+04 8.128305e+13
4.3369196401e+04 8.317638e+13
4.3885116631e+04 8.511380e+13
4.4407425105e+04 8.709636e+13
4.4936197708e+04 8.912509e+13
4.5471511149e+04 9.120108e+13
4.6013442980e+04 9.332543e+13
4.6562071606e+04 9.549926e+13
4.7117476301e+04 9.772372e+13
4.7679737219e+04 1.000000e+14
4.8248935417e+04 1.023293e+14
4.8825152863e+04 1.047129e+14
4.9408472456e+04 1.071519e+14
4.9998978043e+04 1.096478e+14
5.0596754434e+04 1.122018e+14
5.1201887423e+04 1.148154e+14
5.1814463802e+04 1.174898e+14
5.2434571387e+04 1.202264e+14
5.3062299028e+04 1.230269e+14
5.3697736636e+04 1.258925e+14
5.4340975202e+04 1.288250e+14
5.4992106817e+04 1.318257e+14
5.5651224692e+04 1.348963e+14
5.6318423186e+04 1.380384e+14
5.6993797823e+04 1.412538e+14
5.7677445316e+04 1.445440e+14
5.8369463595e+04 1.479108e+14
5.9069951828e+04 1.513561e+14
5.9779010446e+04 1.548817e+14
6.0496741170e+04 1.584893e+14
6.1223247040e+04 1.621810e+14
6.1958632433e+04 1.659587e+14
6.2703003102e+04 1.698244e+14
6.3456466196e+04 1.737801e+14
6.4219130290e+04 1.778279e+14
6.4991105418e+04 1.819701e+14
6.5772503098e+04 1.862087e+14
6.6563436365e+04 1.905461e+14
6.7364019802e+04 1.949845e+14
6.8174369571e+04 1.995262e+14
6.8994603446e+04 2.041738e+14
6.9824840843e+04 2.089296e+14
7.0665202859e+04 2.137962e+14
7.1515812299e+04 2.187762e+14
7.2376793714e+04 2.238721e+14
7.3248273438e+04 2.290868e+14
7.4130379617e+04 2.344229e+14
7.5023242254e+04 2.398833e+14
7.5926993237e+04 2.454709e+14
7.6841766382e+04 2.511886e+14
7.7767697468e+04 2.570396e+14
7.8704924274e+04 2.630268e+14
7.9653586621e+04 2.691535e+14
8.0613826409e+04 2.754229e+14
8.1585787656e+04 2.818383e+14
8.2569616541e+04 2.884032e+14
8.3565461439e+04 2.951209e+14
8.4573472968e+04 3.019952e+14
8.5593804026e+04 3.090295e+14
8.6626609837e+04 3.162278e+14
8.7672047987e+04 3.235937e+14
8.8730278473e+04 3.311311e+14
8.9801463743e+04 3.388442e+14
9.0885768738e+04 3.467369e+14
9.1983360940e+04 3.548134e+14
9.3094410409e+04 3.630781e+14
9.4219089837e+04 3.715352e+14
9.5357574585e+04 3.801894e+14
9.6510042730e+04 3.890451e+14
9.7676675113e+04 3.981072e+14
9.8857655381e+04 4.073803e+14
1.0005317004e+05 4.168694e+14
1.0126340848e+05 4.265795e+14
1.0248856306e+05 4.365158e+14
1.0372882911e+05 4.466836e+14
1.0498440503e+05 4.570882e+14
1.0625549227e+05 4.677351e+14
1.0754229544e+05 4.786301e+14
1.0884502234e+05 4.897788e+14
1.1016388396e+05 5.011872e+14
1.1149909461e+05 5.128614e+14
1.1285087191e+05 5.248075e+14
1.1421943687e+05 5.370318e+14
1.1560501389e+05 5.495409e+14
1.1700783087e+05 5.623413e+14
1.1842811923e+05 5.754399e+14
1.1986611395e+05 5.888437e+14
1.2132205364e+05 6.025596e+14
1.2279618057e+05 6.165950e+14
1.2428874074e+05 6.309573e+14
1.2579998391e+05 6.456542e+14
1.2733016367e+05 6.606934e+14
1.2887953745e+05 6.760830e+14
1.3044836664e+05 6.918310e+14
1.3203691656e+05 7.079458e+14
1.3364545657e+05 7.244360e+14
1.3527426010e+05 7.413102e+14
1.3692360470e+05 7.585776e+14
1.3859377209e+05 7.762471e+14
1.4028504820e+05 7.943282e+14
1.4199772326e+05 8.128305e+14
1.4373209180e+05 8.317638e+14
1.4548845274e+05 8.511380e+14
1.4726710943e+05 8.709636e+14
1.4906836970e+05 8.912509e+14
1.5089254590e+05 9.120108e+14
1.5273995498e+05 9.332543e+14
1.5461091853e+05 9.549926e+14
1.5650576283e+05 9.772372e+14
1.5842481887e+05 1.000000e+15
1.6036842250e+05 1.023293e+15
1.6233691437e+05 1.047129e+15
1.6433064005e+05 1.071519e+15
1.6634995008e+05 1.096478e+15
1.6839520001e+05 1.122018e+15
1.7046675046e+05 1.148154e+15
1.7256496717e+05 1.174898e+15
1.7469022106e+05 1.202264e+15
1.7684288830e+05 1.230269e+15
1.7902335034e+05 1.258925e+15
1.8123199399e+05 1.288250e+15
1.8346921148e+05 1.318257e+15
1.8573540049e+05 1.348963e+15
1.8803096424e+05 1.380384e+15
1.9035631153e+05 1.412538e+15
1.9271185680e+05 1.445440e+15
1.9509802022e+05 1.479108e+15
1.9751522772e+05 1.513561e+15
1.9996391106e+05 1.548817e+15
2.0244450788e+05 1.584893e+15
2.0495746181e+05 1.621810e+15
2.0750322248e+05 1.659587e+15
2.1008224562e+05 1.698244e+15
2.1269499312e+05 1.737801e+15
2.1534193307e+05 1.778279e+15
2.1802353988e+05 1.819701e+15
2.2074029430e+05 1.862087e+15
2.2349268352e+05 1.905461e+15
2.2628120123e+05 1.949845e+15
2.2910634770e+05 1.995262e+15
2.3196862983e+05 2.041738e+15
2.3486856127e+05 2.089296e+15
2.3780666245e+05 2.137962e+15
2.4078346068e+05 2.187762e+15
2.4379949024e+05 2.238721e+15
2.4685529241e+05 2.290868e+15
2.4995141561e+05 2.344229e+15
2.5308841548e+05 2.398833e+15
2.5626685489e+05 2.454709e+15
2.5948730413e+05 2.511886e+15
2.6275034091e+05 2.570396e+15
2.6605655050e+05 2.630268e+15
2.6940652581e+05 2.691535e+15
2.7280086746e+05 2.754229e+15
2.7624018391e+05 2.818383e+15
2.7972509153e+05 2.884032e+15
2.8325621468e+05 2.951209e+15
2.8683418587e+05 3.019952e+15
2.9045964580e+05 3.090295e+15
2.9413324349e+05 3.162278e+15
2.9785563638e+05 3.235937e+15
3.0162749043e+05 3.311311e+15
3.0544948026e+05 3.388442e+15
3.0932228920e+05 3.467369e+15
3.1324660948e+05 3.548134e+15
3.1722314226e+05 3.630781e+15
3.2125259783e+05 3.715352e+15
3.2533569566e+05 3.801894e+15
3.2947316457e+05 3.890451e+15
3.3366574282e+05 3.981072e+15
3.3791417827e+05 4.073803e+15
3.4221922846e+05 4.168694e+15
3.4658166079e+05 4.265795e+15
3.5100225262e+05 4.365158e+15
3.5548179144e+05 4.466836e+15
3.6002107496e+05 4.570882e+15
3.6462091127e+05 4.677351e+15
3.6928211901e+05 4.786301e+15
3.7400552748e+05 4.897788e+15
3.7879197680e+05 5.011872e+15
3.8364231805e+05 5.128614e+15
3.8855741347e+05 5.248075e+15
3.9353813653e+05 5.370318e+15
3.9858537217e+05 5.495409e+15
4.0370001691e+05 5.623413e+15
4.0888297904e+05 5.754399e+15
4.1413517878e+05 5.888437e+15
4.1945754843e+05 6.025596e+15
4.2485103258e+05 6.165950e+15
4.3031658825e+05 6.309573e+15
4.3585518507e+05 6.456542e+15
4.4146780550e+05 6.606934e+15
4.4715544494e+05 6.760830e+15
4.5291911201e+05 6.918310e+15
4.5875982865e+05 7.079458e+15
4.6467863036e+05 7.244360e+15
4.7067656639e+05 7.413102e+15
4.7675469993e+05 7.585776e+15
4.8291410832e+05 7.762471e+15
4.8915588324e+05 7.943282e+15
4.9548113092e+05 8.128305e+15
5.0189097237e+05 8.317638e+15
5.0838654357e+05 8.511380e+15
5.1496899568e+05 8.709636e+15
5.2163949530e+05 8.912509e+15
5.2839922465e+05 9.120108e+15
5.3524938180e+05 9.332543e+15
5.4219118094e+05 9.549926e+15
5.4922585257e+05 9.772372e+15
5.5635464373e+05 1.000000e+16
5.6357881828e+05 1.023293e+16
5.7089965711e+05 1.047129e+16
5.7831845839e+05 1.071519e+16
5.8583653784e+05 1.096478e+16
5.9345522895e+05 1.122018e+16
6.0117588324e+05 1.148154e+16
6.0899987057e+05 1.174898e+16
6.1692857931e+05 1.202264e+16
6.2496341670e+05 1.230269e+16
6.3310580907e+05 1.258925e+16
6.4135720210e+05 1.288250e+16
6.4971906113e+05 1.318257e+16
6.5819287145e+05 1.348963e+16
6.6678013853e+05 1.380384e+16
6.7548238836e+05 1.412538e+16
6.8430116771e+05 1.445440e+16
6.9323804445e+05 1.479108e+16
7.0229460783e+05 1.513561e+16
7.1147246879e+05 1.548817e+16
7.2077326027e+05 1.584893e+16
7.3019863752e+05 1.621810e+16
7.3975027840e+05 1.659587e+16
7.4942988373e+05 1.698244e+16
7.5923917760e+05 1.737801e+16
7.6917990767e+05 1.778279e+16
7.7925384554e+05 1.819701e+16
7.8946278708e+05 1.862087e+16
7.9980855274e+05 1.905461e+16
8.1029298794e+05 1.949845e+16
8.2091796338e+05 1.995262e+16
8.3168537541e+05 2.041738e+16
8.4259714641e+05 2.089296e+16
8.5365522509e+05 2.137962e+16
8.6486158693e+05 2.187762e+16
8.7621823452e+05 2.238721e+16
8.8772719793e+05 2.290868e+16
8.9939053510e+05 2.344229e+16
9.1121033224e+05 2.398833e+16
9.2318870418e+05 2.454709e+16
9.3532779482e+05 2.511886e+16
9.4762977752e+05 2.570396e+16
9.6009685548e+05 2.630268e+16
9.7273126216e+05 2.691535e+16
9.8553526175e+05 2.754229e+16
9.9851114950e+05 2.818383e+16
1.0116612522e+06 2.884032e+16
1.0249879288e+06 2.951209e+16
1.0384935703e+06 3.019952e+16
1.0521806009e+06 3.090295e+16
1.0660514780e+06 3.162278e+16
1.0801086928e+06 3.235937e+16
1.0943547707e+06 3.311311e+16
1.1087922718e+06 3.388442e+16
1.1234237914e+06 3.467369e+16
1.1382519606e+06 3.548134e+16
1.1532794466e+06 3.630781e+16
1.1685089531e+06 3.715352e+16
1.1839432212e+06 3.801894e+16
1.1995850295e+06 3.890451e+16
1.2154371949e+06 3.981072e+16
1.2315025730e+06 4.073803e+16
1.2477840587e+06 4.168694e+16
1.2642845865e+06 4.265795e+16
1.2810071315e+06 4.365158e+16
1.2979547095e+06 4.466836e+16
1.3151303778e+06 4.570882e+16
1.3325372357e+06 4.677351e+16
1.3501784251e+06 4.786301e+16
1.3680571312e+06 4.897788e+16
1.3861765828e+06 5.011872e+16
1.4045400531e+06 5.128614e+16
1.4231508605e+06 5.248075e+16
1.4420123686e+06 5.370318e+16
1.4611279875e+06 5.495409e+16
1.4805011742e+06 5.623413e+16
1.5001354330e+06 5.754399e+16
1.5200343166e+06 5.888437e+16
1.5402014262e+06 6.025596e+16
1.5606404127e+06 6.165950e+16
1.5813549771e+06 6.309573e+16
1.6023488714e+06 6.456542e+16
1.6236258989e+06 6.606934e+16
1.6451899152e+06 6.760830e+16
1.6670448291e+06 6.918310e+16
1.6891946029e+06 7.079458e+16
1.7116432533e+06 7.244360e+16
1.7343948523e+06 7.413102e+16
1.7574535280e+06 7.585776e+16
1.7808234648e+06 7.762471e+16
1.8045089049e+06 7.943282e+16
1.8285141487e+06 8.128305e+16
1.8528435558e+06 8.317638e+16
1.8775015455e+06 8.511380e+16
1.9024925978e+06 8.709636e+16
1.9278212546e+06 8.912509e+16
1.9534921198e+06 9.120108e+16
1.9795098608e+06 9.332543e+16
2.0058792090e+06 9.549926e+16
2.0326049609e+06 9.772372e+16
2.0596919789e+06 1.000000e+17
2.0871451921e+06 1.023293e+17
2.1149695975e+06 1.047129e+17
2.1431702607e+06 1.071519e+17
2.1717523169e+06 1.096478e+17
2.2007209718e+06 1.122018e+17
2.2300815027e+06 1.148154e+17
2.2598392596e+06 1.174898e+17
2.2899996657e+06 1.202264e+17
2.3205682190e+06 1.230269e+17
2.3515504928e+06 1.258925e+17
2.3829521374e+06 1.288250e+17
2.4147788804e+06 1.318257e+17
2.4470365283e+06 1.348963e+17
2.4797309673e+06 1.380384e+17
2.5128681648e+06 1.412538e+17
2.5464541698e+06 1.445440e+17
2.5804951148e+06 1.479108e+17
2.6149972166e+06 1.513561e+17
2.6499667772e+06 1.548817e+17
2.6854101856e+06 1.584893e+17
2.7213339183e+06 1.621810e+17
2.7577445412e+06 1.659587e+17
2.7946487102e+06 1.698244e+17
2.8320531729e+06 1.737801e+17
2.8699647697e+06 1.778279e+17
2.9083904350e+06 1.819701e+17
2.9473371985e+06 1.862087e+17
2.9868121868e+06 1.905461e+17
3.0268226243e+06 1.949845e+17
3.0673758350e+06 1.995262e+17
3.1084792434e+06 2.041738e+17
3.1501403764e+06 2.089296e+17
3.1923668641e+06 2.137962e+17
3.2351664421e+06 2.187762e+17
3.2785469518e+06 2.238721e+17
3.3225163430e+06 2.290868e+17
3.3670826747e+06 2.344229e+17
3.4122541166e+06 2.398833e+17
3.4580389512e+06 2.454709e+17
3.5044455748e+06 2.511886e+17
3.5514824990e+06 2.570396e+17
3.5991583531e+06 2.630268e+17
3.6474818846e+06 2.691535e+17
3.6964619618e+06 2.754229e+17
3.7461075749e+06 2.818383e+17
3.7964278378e+06 2.884032e+17
3.8474319901e+06 2.951209e+17
3.8991293983e+06 3.019952e+17
3.9515295580e+06 3.090295e+17
4.0046420955e+06 3.162278e+17
4.0584767698e+06 3.235937e+17
4.1130434740e+06 3.311311e+17
4.1683522376e+06 3.388442e+17
4.2244132282e+06 3.467369e+17
4.2812367533e+06 3.548134e+17
4.3388332626e+06 3.630781e+17
4.3972133494e+06 3.715352e+17
4.4563877532e+06 3.801894e+17
4.5163673611e+06 3.890451e+17
4.5771632105e+06 3.981072e+17
4.6387864906e+06 4.073803e+17
4.7012485447e+06 4.168694e+17
4.7645608727e+06 4.265795e+17
4.8287351325e+06 4.365158e+17
4.8937831429e+06 4.466836e+17
4.9597168854e+06 4.570882e+17
5.0265485067e+06 4.677351e+17
5.0942903208e+06 4.786301e+17
5.1629548113e+06 4.897788e+17
5.2325546339e+06 5.011872e+17
5.3031026188e+06 5.128614e+17
5.3746117728e+06 5.248075e+17
5.4470952823e+06 5.370318e+17
5.5205665150e+06 5.495409e+17
5.5950390231e+06 5.623413e+17
5.6705265457e+06 5.754399e+17
5.7470430110e+06 5.888437e+17
5.8246025394e+06 6.025596e+17
5.9032194459e+06 6.165950e+17
5.9829082429e+06 6.309573e+17
6.0636836428e+06 6.456542e+17
6.1455605607e+06 6.606934e+17
6.2285541177e+06 6.760830e+17
6.3126796431e+06 6.918310e+17
6.3979526776e+06 7.079458e+17
6.4843889764e+06 7.244360e+17
6.5720045117e+06 7.413102e+17
6.6608154760e+06 7.585776e+17
6.7508382854e+06 7.762471e+17
6.8420895821e+06 7.943282e+17
6.9345862378e+06 8.128305e+17
7.0283453571e+06 8.317638e+17
7.1233842804e+06 8.511380e+17
7.2197205874e+06 8.709636e+17
7.3173721001e+06 8.912509e+17
7.4163568866e+06 9.120108e+17
7.5166932640e+06 9.332543e+17
7.6183998023e+06 9.549926e+17
7.7214953275e+06 9.772372e+17
7.8259989255e+06 1.000000e+18
7.9319299455e+06 1.023293e+18
8.0393080036e+06 1.047129e+18
8.1481529867e+06 1.071519e+18
8.2584850559e+06 1.096478e+18
8.3703246507e+06 1.122018e+18
8.4836924926e+06 1.148154e+18
8.5986095891e+06 1.174898e+18
8.7150972375e+06 1.202264e+18
8.8331770292e+06 1.230269e+18
8.9528708534e+06 1.258925e+18
9.0742009016e+06 1.288250e+18
9.1971896714e+06 1.318257e+18
9.3218599713e+06 1.348963e+18
9.4482349242e+06 1.380384e+18
9.5763379725e+06 1.412538e+18
9.7061928821e+06 1.445440e+18
9.8378237471e+06 1.479108e+18
9.9712549940e+06 1.513561e+18
1.0106511387e+07 1.548817e+18
1.0243618031e+07 1.584893e+18
1.0382600379e+07 1.621810e+18
1.0523484236e+07 1.659587e+18
1.0666295760e+07 1.698244e+18
1.0811061474e+07 1.737801e+18
1.0957808265e+07 1.778279e+18
1.1106563391e+07 1.819701e+18
1.1257354490e+07 1.862087e+18
1.1410209576e+07 1.905461e+18
1.1565157055e+07 1.949845e+18
1.1722225723e+07 1.995262e+18
1.1881444773e+07 2.041738e+18
1.2042843802e+07 2.089296e+18
1.2206452818e+07 2.137962e+18
1.2372302240e+07 2.187762e+18
1.2540422908e+07 2.238721e+18
1.2710846091e+07 2.290868e+18
1.2883603486e+07 2.344229e+18
1.3058727229e+07 2.398833e+18
1.3236249903e+07 2.454709e+18
1.3416204536e+07 2.511886e+18
1.3598624617e+07 2.570396e+18
1.3783544094e+07 2.630268e+18
1.3970997387e+07 2.691535e+18
1.4161019391e+07 2.754229e+18
1.4353645480e+07 2.818383e+18
1.4548911522e+07 2.884032e+18
1.4746853877e+07 2.951209e+18
1.4947509408e+07 3.019952e+18
1.5150915488e+07 3.090295e+18
1.5357110006e+07 3.162278e+18
1.5566131377e+07 3.235937e+18
1.5778018543e+07 3.311311e+18
1.5992810986e+07 3.388442e+18
1.6210548736e+07 3.467369e+18
1.6431272372e+07 3.548134e+18
1.6655023036e+07 3.630781e+18
1.6881842441e+07 3.715352e+18
1.7111772872e+07 3.801894e+18
1.7344857202e+07 3.890451e+18
1.7581138895e+07 3.981072e+18
1.7820662017e+07 4.073803e+18
1.8063471242e+07 4.168694e+18
1.8309611863e+07 4.265795e+18
1.8559129798e+07 4.365158e+18
1.8812071600e+07 4.466836e+18
1.9068484466e+07 4.570882e+18
1.9328416247e+07 4.677351e+18
1.9591915452e+07 4.786301e+18
1.9859031265e+07 4.897788e+18
2.0129813546e+07 5.011872e+18
2.0404312848e+07 5.128614e+18
2.0682580421e+07 5.248075e+18
2.0964668225e+07 5.370318e+18
2.1250628936e+07 5.495409e+18
2.1540515963e+07 5.623413e+18
2.1834383450e+07 5.754399e+18
2.2132286290e+07 5.888437e+18
2.2434280137e+07 6.025596e+18
2.2740421414e+07 6.165950e+18
2.3050767323e+07 6.309573e+18
2.3365375860e+07 6.456542e+18
2.3684305822e+07 6.606934e+18
2.4007616817e+07 6.760830e+18
2.4335369281e+07 6.918310e+18
2.4667624485e+07 7.079458e+18
2.5004444546e+07 7.244360e+18
2.5345892443e+07 7.413102e+18
2.5692032023e+07 7.585776e+18
2.6042928020e+07 7.762471e+18
2.6398646061e+07 7.943282e+18
2.6759252681e+07 8.128305e+18
2.7124815337e+07 8.317638e+18
2.7495402419e+07 8.511380e+18
2.7871083262e+07 8.709636e+18
2.8251928162e+07 8.912509e+18
2.8638008387e+07 9.120108e+18
2.9029396190e+07 9.332543e+18
2.9426164826e+07 9.549926e+18
2.9828388563e+07 9.772372e+18
3.0236142696e+07 1.000000e+19
3.0649503563e+07 1.023293e+19
3.1068548556e+07 1.047129e+19
3.1493356142e+07 1.071519e+19
3.1924005871e+07 1.096478e+19
3.2360578395e+07 1.122018e+19
3.2803155483e+07 1.148154e+19
3.3251820034e+07 1.174898e+19
3.3706656095e+07 1.202264e+19
3.4167748877e+07 1.230269e+19
3.4635184771e+07 1.258925e+19
3.5109051362e+07 1.288250e+19
3.5589437449e+07 1.318257e+19
3.6076433059e+07 1.348963e+19
3.6570129466e+07 1.380384e+19
3.7070619208e+07 1.412538e+19
3.7577996102e+07 1.445440e+19
3.8092355266e+07 1.479108e+19
3.8613793134e+07 1.513561e+19
3.9142407475e+07 1.548817e+19
3.9678297412e+07 1.584893e+19
4.0221563440e+07 1.621810e+19
4.0772307445e+07 1.659587e+19
4.1330632725e+07 1.698244e+19
4.1896644006e+07 1.737801e+19
4.2470447468e+07 1.778279e+19
4.3052150756e+07 1.819701e+19
4.3641863010e+07 1.862087e+19
4.4239694879e+07 1.905461e+19
4.4845758545e+07 1.949845e+19
4.5460167743e+07 1.995262e+19
4.6083037783e+07 2.041738e+19
4.6714485573e+07 2.089296e+19
4.7354629639e+07 2.137962e+19
4.8003590148e+07 2.187762e+19
4.8661488933e+07 2.238721e+19
4.9328449511e+07 2.290868e+19
5.0004597114e+07 2.344229e+19
5.0690058706e+07 2.398833e+19
5.1384963009e+07 2.454709e+19
5.2089440529e+07 2.511886e+19
5.2803623579e+07 2.570396e+19
5.3527646306e+07 2.630268e+19
5.4261644713e+07 2.691535e+19
5.5005756689e+07 2.754229e+19
5.5760122031e+07 2.818383e+19
5.6524882475e+07 2.884032e+19
5.7300181718e+07 2.951209e+19
5.8086165449e+07 3.019952e+19
5.8882981375e+07 3.090295e+19
5.9690779248e+07 3.162278e+19
6.0509710897e+07 3.235937e+19
6.1339930252e+07 3.311311e+19
6.2181593378e+07 3.388442e+19
6.3034858499e+07 3.467369e+19
6.3899886035e+07 3.548134e+19
6.4776838625e+07 3.630781e+19
6.5665881164e+07 3.715352e+19
6.6567180830e+07 3.801894e+19
6.7480907118e+07 3.890451e+19
6.8407231872e+07 3.981072e+19
6.9346329316e+07 4.073803e+19
7.0298376090e+07 4.168694e+19
7.1263551279e+07 4.265795e+19
7.2242036452e+07 4.365158e+19
7.3234015693e+07 4.466836e+19
7.4239675636e+07 4.570882e+19
7.5259205503e+07 4.677351e+19
7.6292797138e+07 4.786301e+19
7.7340645042e+07 4.897788e+19
7.8402946413e+07 5.011872e+19
7.9479901181e+07 5.128614e+19
8.0571712048e+07 5.248075e+19
8.1678584525e+07 5.370318e+19
8.2800726969e+07 5.495409e+19
8.3938350629e+07 5.623413e+19
8.5091669677e+07 5.754399e+19
8.6260901257e+07 5.888437e+19
8.7446265522e+07 6.025596e+19
8.8647985675e+07 6.165950e+19
8.9866288015e+07 6.309573e+19
9.1101401975e+07 6.456542e+19
9.2353560170e+07 6.606934e+19
9.3622998440e+07 6.760830e+19
9.4909955893e+07 6.918310e+19
9.6214674951e+07 7.079458e+19
9.7537401397e+07 7.244360e+19
9.8878384423e+07 7.413102e+19
1.0023787667e+08 7.585776e+19
1.0161613429e+08 7.762471e+19
1.0301341698e+08 7.943282e+19
1.0442998804e+08 8.128305e+19
1.0586611441e+08 8.317638e+19
1.0732206675e+08 8.511380e+19
1.0879811945e+08 8.709636e+19
1.1029455073e+08 8.912509e+19
1.1181164265e+08 9.120108e+19
1.1334968117e+08 9.332543e+19
1.1490895625e+08 9.549926e+19
1.1648976183e+08 9.772372e+19
1.1809239595e+08 1.000000e+20
1.1971716079e+08 1.023293e+20
1.2136436269e+08 1.047129e+20
1.2303431226e+08 1.071519e+20
1.2472732442e+08 1.096478e+20
1.2644371844e+08 1.122018e+20
1.2818381802e+08 1.148154e+20
1.2994795136e+08 1.174898e+20
1.3173645121e+08 1.202264e+20
1.3354965493e+08 1.230269e+20
1.3538790455e+08 1.258925e+20
1.3725154685e+08 1.288250e+20
1.3914093342e+08 1.318257e+20
1.4105642073e+08 1.348963e+20
1.4299837019e+08 1.380384e+20
1.4496714822e+08 1.412538e+20
1.4696312632e+08 1.445440e+20
1.4898668114e+08 1.479108e+20
1.5103819458e+08 1.513561e+20
1.5311805379e+08 1.548817e+20
1.5522665133e+08 1.584893e+20
1.5736438518e+08 1.621810e+20
1.5953165886e+08 1.659587e+20
1.6172888147e+08 1.698244e+20
1.6395646779e+08 1.737801e+20
1.6621483836e+08 1.778279e+20
1.6850441953e+08 1.819701e+20
1.7082564360e+08 1.862087e+20
1.7317894883e+08 1.905461e+20
1.7556477959e+08 1.949845e+20
1.7798358638e+08 1.995262e+20
1.8043582599e+08 2.041738e+20
1.8292196151e+08 2.089296e+20
1.8544246247e+08 2.137962e+20
1.8799780492e+08 2.187762e+20
1.9058847150e+08 2.238721e+20
1.9321495155e+08 2.290868e+20
1.9587774120e+08 2.344229e+20
1.9857734346e+08 2.398833e+20
2.0131426832e+08 2.454709e+20
2.0408903286e+08 2.511886e+20
2.0690216129e+08 2.570396e+20
2.0975418515e+08 2.630268e+20
2.1264564330e+08 2.691535e+20
2.1557708212e+08 2.754229e+20
2.1854905554e+08 2.818383e+20
2.2156212519e+08 2.884032e+20
2.2461686049e+08 2.951209e+20
2.2771383876e+08 3.019952e+20
2.3085364533e+08 3.090295e+20
2.3403687365e+08 3.162278e+20
2.3726412540e+08 3.235937e+20
2.4053601061e+08 3.311311e+20
2.4385314779e+08 3.388442e+20
2.4721616400e+08 3.467369e+20
2.5062569504e+08 3.548134e+20
2.5408238550e+08 3.630781e+20
2.5758688893e+08 3.715352e+20
2.6113986794e+08 3.801894e+20
2.6474199434e+08 3.890451e+20
2.6839394927e+08 3.981072e+20
2.7209642331e+08 4.073803e+20
2.7585011661e+08 4.168694e+20
2.7965573907e+08 4.265795e+20
2.8351401042e+08 4.365158e+20
2.8742566037e+08 4.466836e+20
2.9139142879e+08 4.570882e+20
2.9541206577e+08 4.677351e+20
2.9948833184e+08 4.786301e+20
3.0362099809e+08 4.897788e+20
3.0781084628e+08 5.011872e+20
3.1205866906e+08 5.128614e+20
3.1636527005e+08 5.248075e+20
3.2073146403e+08 5.370318e+20
3.2515807709e+08 5.495409e+20
3.2964594679e+08 5.623413e+20
3.3419592230e+08 5.754399e+20
3.3880886460e+08 5.888437e+20
3.4348564658e+08 6.025596e+20
3.4822715330e+08 6.165950e+20
3.5303428205e+08 6.309573e+20
3.5790794261e+08 6.456542e+20
3.6284905737e+08 6.606934e+20
3.6785856153e+08 6.760830e+20
3.7293740326e+08 6.918310e+20
3.7808654391e+08 7.079458e+20
3.8330695815e+08 7.244360e+20
3.8859963420e+08 7.413102e+20
3.9396557399e+08 7.585776e+20
3.9940579335e+08 7.762471e+20
4.0492132222e+08 7.943282e+20
4.1051320483e+08 8.128305e+20
4.1618249991e+08 8.317638e+20
4.2193028087e+08 8.511380e+20
4.2775763606e+08 8.709636e+20
4.3366566890e+08 8.912509e+20
4.3965549813e+08 9.120108e+20
4.4572825804e+08 9.332543e+20
4.5188509866e+08 9.549926e+20
4.5812718597e+08 9.772372e+20
4.6445570215e+08 1.000000e+21
